-0.123962
-0.124830
-0.008966
0.104197
0.015550
0.082756
0.131952
-0.069828
-0.097928
-0.018169
0.055131
0.107698
-0.065500
-0.064951
-0.100539
-0.010825
0.067657
-0.128952
-0.099224
-0.026170
0.009447
0.023909
-0.097930
-0.056581
-0.062724
0.065486
0.114192
-0.075325
-0.122296
-0.079451
-0.004095
0.071398
-0.003745
-0.115028
0.083634
0.068334
-0.040014
-0.026218
-0.130837
-0.025779
-0.047248
-0.051307
0.011463
-0.041610
-0.055525
-0.011651
-0.044122
-0.028437
-0.044821
-0.033483
-0.092971
-0.138487
-0.249867
-0.161158
0.019760
0.187710
-0.051500
0.031220
-0.022900
0.133875
0.167429
0.209496
-0.073382
-0.076770
0.081283
0.114252
-0.093579
0.076504
-0.074570
0.018521
-0.032930
0.132129
0.674055
0.314144
-0.050274
0.056176
0.048322
-0.071476
0.057598
-0.223610
-0.159379
-0.071837
-0.085818
0.072091
0.046695
-0.237351
-0.047623
0.061805
0.308051
0.159342
-0.057243
-0.064868
0.179432
-0.204125
-0.148413
-0.221162
-0.962337
0.162508
0.123647
-0.059751
-0.141843
0.322124
-0.282348
-0.224563
0.310523
0.032818
0.304477
0.087880
0.039479
0.033186
0.441698
0.231923
0.103853
0.442400
-0.197289
0.093302
0.561416
-0.054056
0.086783
0.651490
-0.035506
-0.616087
-0.350811
-0.097630
-0.041122
0.060368
-0.334545
0.171833
0.498861
-0.042548
0.055067
-0.460417
-0.203231
-0.001659
0.558186
0.050648
0.086400
-0.537944
-0.266499
-0.308906
-0.040880
0.413284
-0.087066
-0.001260
-0.055207
0.476934
0.002571
0.932687
-0.187666
0.008528
0.254521
-0.060216
-0.056549
-0.396899
-0.074741
0.216481
0.047495
-0.082796
-0.015139
0.068791
-0.044180
-0.095208
-0.110469
-0.054272
0.087674
-0.034837
0.094740
-0.112978
-0.143670
-0.037450
-0.010912
-0.061197
0.068840
-0.012244
0.000328
0.057558
0.010940
-0.039263
0.013825
-0.106917
-0.052290
-0.106355
-0.074955
0.053067
-0.066403
0.123887
0.093163
-0.073042
-0.066885
-0.003298
-0.128070
-0.080519
-0.023742
0.094324
0.128596
-0.075278
0.123657
0.100095
-0.089783
0.043769
0.112914
-0.023037
0.064759
0.042211
0.017509
-0.056240
0.110996
-0.090681
-0.120298
-0.099446
0.094302
0.160659
0.035458
0.064098
-0.059891
-0.409165
0.134147
0.167616
-0.036987
0.104136
-0.157053
0.086709
-0.055520
-0.204121
0.074827
-0.039456
-0.200906
0.004134
0.184302
-0.139151
0.026749
0.033096
0.056672
0.121193
0.127728
-0.043784
-0.150032
-0.020172
-0.071734
0.107588
-0.078362
-0.011190
0.041479
0.122863
-0.005007
0.181519
0.213578
-0.031407
-0.134367
0.014696
0.155414
-0.320986
1.030438
-0.152934
0.123841
0.182596
0.038248
-0.241428
-0.099653
0.586511
-0.145583
-0.263805
0.124734
-0.143047
0.057488
-0.232462
0.051117
0.190088
-0.057282
-0.195208
-0.218081
0.066567
-0.026366
-0.062531
-0.038379
0.001065
0.048181
0.095875
0.219529
-0.187034
-0.531053
0.087936
-0.016164
0.117351
0.291467
-0.020760
0.070862
0.110265
-0.265974
0.071729
0.293800
0.168209
0.004040
0.148598
-0.090725
-0.045476
-0.010278
0.047164
-0.096309
-0.160457
0.005164
-0.494827
-0.158784
0.274876
0.977628
0.333084
-0.083001
0.085872
-0.070918
0.323729
0.099810
-0.612094
0.767146
0.188044
-0.030813
-0.126353
-0.020953
-0.024827
0.111890
0.228889
0.070688
-0.367351
0.043403
-0.098031
-0.141153
-0.105004
-0.017340
0.015593
0.064126
-0.019174
-0.010857
-0.100163
-0.024260
0.184108
0.037435
-0.035790
0.094320
0.032838
0.098601
0.102258
0.111426
-0.031869
0.004237
0.041447
-0.088011
0.274385
-0.032505
-0.111778
0.125300
-0.015785
0.277409
0.040069
-0.046258
-0.230890
0.012101
-0.503887
-0.089433
0.012093
-0.210445
-0.023649
0.032564
0.087736
-0.152122
0.246985
-0.017638
-0.137608
0.010799
0.050278
0.102352
-0.066447
-0.098673
-0.046217
-0.076723
0.121816
-0.001587
-0.132814
-0.066916
0.128718
-0.089714
0.080602
-0.114029
0.008695
0.040191
0.013968
0.058013
-0.131162
0.069148
-0.096006
0.118535
0.090534
-0.011805
0.061328
0.096522
0.002104
0.008876
-0.044835
0.061638
-0.131350
-0.052992
0.000440
-0.014447
-0.035239
-0.046106
-0.066883
-0.135170
-0.071389
0.036619
-0.106187
-0.111140
-0.073078
0.117165
-0.072697
-0.030116
-0.076781
0.043639
0.092447
-0.182296
0.026354
0.032262
0.129354
0.010272
-0.127399
-0.167026
0.100882
0.072375
-0.198834
-0.124460
0.056950
-0.119859
0.066209
0.171823
-0.173105
0.119256
0.050142
-0.017548
-0.081599
-0.186734
-0.196261
0.086136
-0.236413
-0.121416
0.153473
0.034882
0.313744
0.269532
-0.090574
-0.296032
0.042418
-0.015096
0.220398
0.005354
-0.078966
-0.143025
0.113436
0.356229
0.111223
-0.294263
0.242182
-0.029039
-0.553573
0.576666
-0.180821
-0.220695
-0.008230
0.175170
-0.142892
-0.002833
0.062211
0.528948
-0.160606
0.263163
-0.216386
0.039461
-0.087611
-0.172640
0.287151
-0.041628
-0.515373
-0.014992
0.073647
0.040905
0.137092
-0.078805
-0.155427
0.110632
0.028462
0.099550
0.166211
-0.020540
0.193290
-0.042824
-0.212169
0.074733
0.139734
0.073264
0.217057
0.044349
-0.279052
-0.111804
0.069950
-0.148274
0.234271
-0.140928
-0.089675
-0.039816
0.009512
-0.071671
-0.023467
0.356474
-0.536339
0.059893
-0.445621
0.398393
0.031235
-0.400353
0.002623
0.059454
0.408267
0.073170
-1.041864
-0.332718
0.217589
-0.088634
0.287794
0.161433
0.227946
0.039009
-0.195104
0.035800
0.310786
0.110847
0.089869
0.125422
-0.107616
-0.065219
0.113933
-0.060532
-0.127901
-0.096301
0.106198
-0.012132
0.041150
-0.110865
-0.051380
-0.005173
0.067140
-0.027240
-0.043495
-0.000026
0.186103
-0.077424
0.023445
0.147049
-0.132091
0.092054
-0.064655
-0.008546
-0.030972
-0.237578
0.135575
-0.193456
0.497553
0.136933
-0.272596
0.830439
0.209491
0.348127
-0.022412
-0.039460
-0.384397
0.178008
0.376585
0.527174
-0.098240
0.013596
-0.074842
-0.146066
-0.021824
-0.055860
0.096694
0.128923
-0.457109
0.142530
-0.091005
0.011044
0.074997
-0.042501
-0.200376
0.049205
0.064459
-0.066580
0.107770
0.762817
-0.158557
0.220964
-0.315673
-0.313805
-0.051755
0.011793
0.064767
0.202840
-0.187670
-0.105509
0.026438
-0.138569
0.158028
0.181211
-0.068445
0.005716
-0.106471
0.158776
-0.152089
-0.028175
0.120359
0.142152
0.085960
0.621903
-0.086011
-0.339870
0.049745
-0.142478
0.020716
-0.613339
0.441116
-0.368134
0.147242
0.215956
0.362460
0.149623
0.273143
0.174204
0.314118
0.059128
0.491811
-0.253132
0.041765
0.070898
0.118891
-0.006505
0.163892
-0.070822
-0.134005
0.034432
0.275063
-0.445942
0.444073
0.052576
0.289965
0.331375
0.052409
-0.010811
-0.330335
0.036433
0.377962
0.316705
0.051023
-0.072564
-0.138998
-0.190558
-0.140321
0.230359
0.072077
-0.205747
-0.001774
-0.068685
-0.189372
0.046123
-0.744543
-0.569812
0.174425
0.487556
0.009194
0.058086
-0.053383
0.344428
-0.626280
0.607638
-0.219742
-0.199859
0.077690
0.103843
0.137039
0.184038
0.200984
-0.078903
-0.279689
-0.106235
0.035804
0.203661
0.064709
0.070198
0.041799
0.009529
0.138417
0.203369
0.115204
-0.059044
-0.152150
0.112037
-0.286360
-0.200534
0.035603
-0.049145
0.317058
0.188211
-0.149883
-0.096270
0.090521
0.041882
0.185242
-0.035975
0.060825
-0.203786
0.013097
0.011852
-0.075662
-0.026208
0.395397
0.279255
0.433692
-0.846224
-0.033126
-0.374382
-0.097981
0.044396
0.016950
-0.193911
0.366886
0.142491
-0.017088
-0.149750
-0.035796
0.037381
-0.050410
0.148102
0.089823
-0.043706
-0.078572
-0.161047
0.029514
0.226283
0.063487
0.005971
0.220447
0.024783
0.138505
0.212998
-0.167746
-0.343534
-0.208800
-0.087380
-0.111710
0.225479
-0.080798
0.086242
0.267409
0.072885
-0.004058
0.057662
-0.207957
0.088518
0.259096
-0.152485
-0.258357
-0.054175
-0.057742
0.023085
0.127373
0.093581
0.185605
0.047378
0.624645
1.080411
0.025084
-0.194842
-0.004181
-0.069727
0.012516
-0.055331
0.445663
0.359238
-0.017767
0.139611
0.098648
0.115892
0.191717
0.080480
0.237402
-0.003773
-0.375584
-0.145813
0.008240
-0.027192
-0.084701
0.137308
0.123930
0.056808
0.019362
0.321072
0.086969
-0.509131
-0.051064
0.142164
-0.034300
-0.024241
0.128539
0.040149
0.262211
0.250766
-0.248096
0.151377
-0.023509
-0.097200
0.136812
-0.027585
-0.079156
0.126696
0.166209
0.058240
0.071115
0.019294
0.079921
0.222030
-0.337217
-1.112453
-0.026166
-0.252101
0.142836
0.029184
0.212815
0.094951
-0.203181
0.224428
0.129546
0.259115
-0.151815
0.134476
0.150663
-0.056998
0.054680
0.179050
0.193195
0.117581
-0.039186
-0.180897
0.002444
-0.145421
0.074771
0.105729
-0.199286
-0.214120
-0.007397
0.260464
0.160546
0.146943
0.139431
0.177976
0.018361
-0.085935
-0.249624
-0.000906
0.032681
-0.016340
-0.153241
-0.055172
-0.202290
-0.124243
0.009009
0.042156
-0.083001
-0.007465
-0.223428
0.071873
-0.283127
0.060754
-0.530983
0.397970
0.056728
0.223073
-0.149008
-0.000533
0.137549
0.196530
-1.197667
-0.111901
-0.057033
-0.075857
-0.094846
0.016784
0.063040
-0.097411
0.076860
-0.011691
-0.082993
0.104563
-0.081611
-0.044934
0.023467
0.108057
-0.119582
-0.068498
0.000318
0.097091
0.069218
-0.014189
-0.131435
-0.055684
-0.129163
0.026476
0.103488
-0.080748
0.052486
0.044884
-0.132307
-0.126319
0.102550
0.136243
-0.102718
-0.119748
-0.020147
-0.077327
-0.110667
0.015281
0.095898
0.101099
-0.089058
0.018128
0.016560
-0.099155
-0.123133
-0.048394
-0.053827
-0.011321
-0.129240
0.004228
-0.040577
-0.488213
-0.025329
0.054185
0.316858
0.198521
0.261662
0.331584
-0.209970
-0.012723
-0.284753
-0.125774
0.179854
0.406867
0.105284
0.120806
0.311272
-0.114172
-0.086108
0.171933
0.297707
-0.141448
0.088886
-0.016348
-0.111246
0.095429
-0.027488
0.020184
0.036402
0.206934
-0.236122
0.149391
0.101673
-0.141921
0.261448
-0.162351
0.037119
-0.040625
0.035138
0.009096
0.122400
0.075284
0.293516
0.066932
-0.475357
-0.786191
0.155284
-0.065579
0.018168
-0.074809
-0.071065
0.223743
0.176029
-0.119625
-0.149069
0.105824
-0.146595
-0.003507
0.007298
0.122915
-0.105499
0.031070
-0.037198
0.071792
0.084311
0.026428
0.082184
-0.067760
-0.118760
0.037784
0.120093
0.041707
-0.076060
-0.149214
0.091237
0.069122
-0.043043
0.031226
0.055570
-0.116972
0.032538
-0.104548
-0.091170
0.054486
-0.000309
0.074768
0.016084
-0.147269
0.000016
0.101742
-0.093867
0.049579
-0.063513
-0.104359
0.080841
-0.137792
-0.148208
0.107222
-0.006009
0.015594
-0.108777
0.030435
-0.076625
0.109085
-0.138505
0.433918
0.254883
0.237980
-0.049891
0.029020
0.175138
-0.063480
-0.395584
0.095273
0.148260
0.150913
0.106366
0.255845
-0.031251
0.149624
0.163448
-0.026827
-0.077007
-0.246376
0.303985
-0.388146
0.468984
0.188175
-0.028085
0.018357
-0.048840
0.059367
-0.125419
-0.048070
0.037138
0.190144
-0.076745
-0.172030
-0.075263
0.071396
0.210786
0.169606
-0.144061
-0.208290
0.210635
0.016643
-0.017138
-0.072029
-0.246667
-0.577770
0.306787
0.257460
-0.064692
0.125764
-0.272436
0.105619
-0.112652
0.083198
0.152196
-0.195322
-0.234166
0.066633
-0.073720
0.106544
0.303252
0.206957
-0.323273
-0.082702
-0.162181
-0.130300
-0.113867
0.034540
0.137968
0.110755
0.147488
0.215700
-0.066592
0.593370
-0.123929
-0.204163
0.039906
-0.009333
0.173753
-0.086720
0.212071
-0.152313
-0.229157
-0.026659
-0.233066
0.008704
0.282565
-0.205801
-0.213741
0.101541
-0.191370
0.131128
0.003080
-0.164348
-0.306816
-0.183441
0.356453
0.804579
-0.116108
-0.232218
0.018669
0.010634
0.065010
-0.220196
-0.211980
0.026408
0.019475
-0.031289
0.005104
0.085487
-0.045109
0.044349
-0.135574
-0.009431
-0.059959
-0.083290
-0.135461
0.033891
-0.049566
-0.014516
-0.067583
-0.044293
-0.108540
-0.018669
-0.057328
-0.026718
-0.010876
0.068683
-0.008902
0.113007
-0.111682
-0.100240
-0.081993
-0.082832
0.065403
-0.038769
-0.127478
-0.108527
-0.121066
0.064123
-0.035445
0.042363
-0.074174
-0.035483
0.098046
0.063728
-0.001280
0.082050
-0.032215
0.130762
0.082588
-0.111996
0.067671
0.136856
-0.113363
0.000131
0.103790
0.043009
0.234491
0.250896
0.076271
0.112736
0.112892
-0.275299
-0.290716
0.230397
0.323400
0.270679
-0.072488
-0.060746
-0.084588
0.125907
-0.340736
-0.092807
-0.319530
-0.734675
-0.050668
0.583832
0.155573
0.007369
0.025305
0.195109
0.023230
-0.200587
-0.182397
-0.103485
0.064090
-0.006590
0.021098
-0.201347
-0.229586
0.407296
0.303128
-0.030506
-0.146216
-0.153486
-0.070203
0.040234
0.032236
-0.113365
0.149542
1.027478
0.060335
0.353037
-0.093277
-0.053987
-0.607795
-0.019502
-0.064770
-0.121629
-0.132919
-0.142094
0.100719
0.103691
-0.025297
-0.126727
0.104762
-0.119869
-0.083004
0.017921
-0.072704
0.000970
0.075601
0.005313
-0.065232
-0.131625
0.051857
-0.106780
-0.128811
-0.122054
0.018774
-0.078632
0.099239
0.087516
-0.024968
0.017511
0.124958
0.088838
-0.088211
0.056588
-0.059110
0.101371
-0.039808
0.106123
0.039011
0.050451
-0.077046
0.117965
0.013903
-0.134331
0.102875
0.111432
-0.120417
-0.110428
-0.071488
-0.118979
-0.123847
-0.018440
-0.133157
-0.043298
0.127161
-0.130080
-0.024205
0.120490
0.101877
-0.131183
-0.026814
0.112357
-0.005311
-0.026327
0.129693
0.081506
-0.093759
0.108052
-0.095894
-0.133491
0.129817
-0.008954
0.031812
-0.107971
0.059673
-0.115560
-0.068058
-0.047346
0.079412
0.054793
-0.069962
0.013189
-0.028825
-0.087883
-0.097848
-0.044109
0.126398
0.001544
-0.046683
0.058427
-0.083531
-0.038479
0.093889
-0.003119
-0.042276
0.053191
-0.064738
0.070922
-0.126945
-0.114741
-0.121304
0.041910
0.013072
-0.118296
0.100233
-0.089308
-0.057077
0.048082
0.067220
-0.024137
0.028287
0.110397
0.004025
-0.066401
-0.062247
-0.008739
0.004835
-0.108186
0.115891
-0.088786
-0.130670
-0.025934
-0.103249
0.029269
0.137018
-0.040300
-0.080074
-0.088215
0.020803
-0.118469
-0.042649
0.026262
-0.064605
-0.117537
0.040890
0.020614
0.015455
0.001981
0.043417
-0.027132
0.134497
-0.022503
-0.112230
-0.128034
-0.033015
-0.117546
0.010852
-0.064513
0.128584
-0.124230
0.068879
0.062364
-0.103921
-0.044937
-0.077316
0.086789
-0.007329
0.112445
-0.102075
-0.109111
-0.136881
-0.138121
-0.064436
0.087471
-0.117421
-0.025381
0.135574
0.098072
-0.094002
0.096251
-0.011850
-0.096791
-0.102836
0.005067
0.015522
0.111178
0.119610
0.051634
-0.094120
-0.089442
0.052620
-0.051364
-0.065862
-0.036666
0.048725
-0.133972
0.106009
-0.099753
0.059949
0.032907
-0.028472
0.047641
-0.059765
-0.004196
0.054917
-0.048939
-0.056251
0.027077
-0.021609
-0.082052
0.031673
0.069917
-0.022372
0.097585
0.007105
-0.138142
-0.095850
-0.136090
-0.081904
0.074247
0.136779
-0.142270
0.237257
-0.145443
0.087306
0.082297
0.272668
0.108019
0.036107
0.061207
0.329637
-0.101659
0.083159
0.087513
0.014195
0.062091
0.246569
-0.000194
-0.011068
-0.089645
0.310326
-0.276478
-0.094627
0.246050
0.053608
-0.091781
0.042041
0.021950
0.147900
0.173870
0.098113
0.001214
-0.123598
0.048005
0.167215
-0.102642
-0.119872
-0.139389
-0.204294
-0.025302
0.259279
-0.110545
0.214089
0.126511
-0.354511
-0.261631
-0.012983
0.146340
-0.063812
0.117852
-0.197144
0.109523
0.694183
-0.311197
0.249978
0.587543
-0.059021
0.092692
-0.016025
0.504602
0.579571
0.007929
-0.426505
-0.316911
0.063758
0.457189
-0.040018
0.118597
0.358767
0.007251
-0.559981
-0.655979
0.366187
0.049808
-0.090528
0.267949
-0.423558
0.481561
0.046696
-0.056105
0.012230
0.175644
-0.569325
0.594826
-0.207905
-0.218398
-0.019836
-0.191447
-0.122579
-0.111650
-0.167879
0.076837
-0.016206
0.141407
0.346024
0.247089
-0.518912
-0.220587
0.151609
-0.443055
0.056722
0.097407
-0.759731
0.081723
0.500327
-0.087524
-0.281845
0.047501
0.114872
0.052533
-0.093574
0.168377
0.345447
0.031282
0.086117
-0.270643
0.061953
0.183950
-0.003930
-0.047331
0.241598
-0.102960
0.176119
0.232559
-0.137355
0.124490
0.037812
-0.158521
0.158906
0.266307
-0.070087
0.042421
-0.115725
-0.222289
0.013888
0.042291
0.050784
-0.028306
-0.122493
-0.220116
-0.063458
0.055307
0.083965
0.021731
-0.069274
0.248497
-0.130059
-0.137377
0.530639
-0.868021
0.080768
0.035060
-0.066572
-0.045179
0.442939
-0.002042
-0.434896
-0.105718
0.023118
-0.089519
-0.096364
0.036510
0.112247
0.034390
-0.148074
0.009750
0.034844
-0.024574
-0.139507
0.033516
-0.075822
0.016447
0.092582
-0.012735
-0.031861
0.093128
-0.078437
-0.028141
-0.007199
-0.132425
-0.084595
0.040832
-0.008161
0.060747
-0.013605
-0.060874
-0.010605
-0.116347
-0.100659
-0.090307
-0.050426
0.084290
-0.136139
-0.017670
0.088012
-0.115225
0.024920
0.023605
0.025215
0.094488
-0.096103
0.047471
-0.131236
-0.124205
0.036587
0.019580
0.043072
0.083971
0.064388
-0.002213
0.019403
0.120813
0.013381
-0.079570
-0.067070
0.045159
-0.099861
-0.116823
-0.072159
0.096234
0.052112
-0.102721
0.129107
-0.121668
-0.083425
0.026571
0.056839
0.118066
-0.015592
0.046328
-0.051957
-0.070161
-0.059204
-0.069143
-0.078805
0.037437
0.007179
0.043743
0.033712
-0.102782
-0.057019
-0.117737
-0.064086
-0.064209
-0.111497
-0.010335
0.127606
-0.009135
-0.115498
-0.082356
0.039390
-0.007668
0.054301
-0.032191
-0.076389
0.053677
-0.034964
-0.120994
0.045130
0.024261
0.114164
-0.263105
0.189253
0.196591
0.152880
-0.004475
-0.019716
-0.180625
-0.451615
-0.095259
0.364079
0.315116
-0.083770
0.140051
-0.039546
0.134221
-0.189381
-0.191136
-0.379344
-0.466389
0.189205
-0.109751
0.110548
0.216132
0.005521
-0.077619
-0.153589
0.034511
-0.112489
0.071827
0.216841
-0.057421
0.061371
0.114770
-0.097755
0.250876
0.068925
-0.078737
-0.024534
-0.091536
0.023678
0.197903
0.401463
0.196293
-0.388929
0.575550
0.247690
0.174795
-0.112842
-0.039233
-0.564034
0.105555
0.271936
-0.141705
0.023310
0.115090
-0.099659
0.082679
0.014614
-0.104756
0.071439
-0.034349
-0.109549
-0.083005
0.110447
-0.075801
0.055274
-0.075760
0.108661
0.072822
-0.137922
0.058859
-0.088174
-0.018413
-0.023405
0.090844
0.058843
-0.024599
0.024576
-0.090154
-0.010815
-0.040143
-0.066457
-0.048805
0.003275
0.064776
0.066403
-0.024319
-0.010871
0.092624
-0.105779
-0.045979
0.101051
-0.012936
0.127996
-0.098553
-0.067292
0.131956
-0.101676
-0.126497
-0.084909
-0.118054
-0.139025
-0.049630
-0.021283
0.027943
-0.115615
0.014160
0.046315
-0.004678
-0.009421
-0.060103
-0.088539
-0.080852
-0.017560
0.101185
0.095872
-0.071763
-0.017212
0.134548
0.138147
0.106888
-0.104637
0.011423
0.006179
-0.073632
-0.131643
-0.133606
-0.005167
-0.101862
0.103158
-0.001542
-0.022273
0.024068
-0.098950
0.074341
-0.117102
-0.120277
0.088913
-0.033669
-0.101683
-0.008102
0.130711
-0.033527
-0.050940
-0.133405
0.011707
-0.037276
-0.106633
-0.108416
-0.127544
0.053258
0.092348
0.047238
0.062975
0.026087
-0.123968
0.351259
-0.054582
0.062753
-0.141010
0.128194
-0.100924
-0.058156
-0.047091
-0.014351
-0.260953
-0.009852
-0.103642
-0.150859
0.070223
0.019412
-0.057904
0.103240
0.037185
0.114656
0.125806
0.211631
0.409834
0.192022
-0.129184
0.021360
0.035916
0.024064
0.088026
0.187557
-0.122300
0.060119
0.013297
-0.033560
0.202759
0.007017
0.117216
-0.206844
-0.228260
0.013670
-0.181617
0.260947
-0.283541
0.072144
-0.034322
-0.986670
-0.016318
-0.361394
-0.163389
-0.059432
0.174363
0.132895
0.163528
-0.083227
-0.097499
0.064833
0.067688
-0.094562
-0.022740
-0.110244
0.098070
-0.119695
0.117528
-0.089138
0.067133
0.054808
-0.069214
0.051769
-0.002956
0.008386
0.070630
0.065449
-0.017318
-0.029656
-0.059438
0.000762
0.049304
-0.055297
0.072897
-0.000364
-0.064401
-0.057975
-0.038504
-0.021119
-0.110480
-0.108733
-0.119071
0.130199
0.026108
-0.034630
0.137067
-0.132886
0.026861
-0.099351
-0.059854
-0.098423
0.073614
0.031500
0.002064
-0.016392
0.058629
-0.081800
-0.062784
-0.117512
0.021638
0.885570
-0.350263
-0.569521
-0.460701
-0.047922
-0.260811
-0.380613
0.049545
0.116696
0.019657
0.028269
0.033753
-0.475067
-0.032737
0.017288
-0.284706
-0.073320
0.569728
0.745529
-0.522234
0.235345
-0.216217
-0.212119
0.307199
-0.299113
0.099628
0.320149
0.087452
-0.330471
0.331541
-0.464779
0.211508
0.253628
-0.085253
0.125245
-0.020845
0.103381
0.394905
0.120331
-0.036119
-0.133285
-0.308073
-0.145777
1.093475
-0.198302
-0.232943
-0.005765
0.022457
0.020814
0.890103
-0.118756
0.041257
-0.411445
0.180137
-0.030157
0.249204
0.023152
0.321296
0.087440
-0.057630
0.186365
0.458440
-0.102947
0.061217
0.285008
0.068984
0.027353
0.281975
-0.128689
0.028899
-0.119692
0.298472
0.352704
-0.159761
0.159718
0.075432
0.082621
-0.110212
0.005913
-0.222455
0.107413
0.103247
0.032455
0.020353
-0.147202
-0.107131
0.024126
-0.009233
0.100389
-0.154631
0.035330
0.204544
0.035345
0.531140
0.075540
-0.742912
-0.643037
0.007662
0.119308
-0.035946
0.001033
-0.289404
0.038219
0.436513
-0.030341
-0.063125
0.021209
-0.012388
-0.074836
-0.106607
-0.044260
-0.101374
-0.101191
0.006504
-0.068433
0.010825
-0.106752
-0.097503
0.123346
-0.002998
0.097724
-0.070091
-0.012190
-0.128809
-0.013127
-0.052269
0.076587
-0.087665
-0.134232
-0.077521
0.005272
-0.129577
0.037505
0.090490
-0.049127
-0.018284
0.132128
-0.092190
-0.111079
0.073167
-0.042295
0.080251
0.014475
-0.024537
-0.034690
-0.011488
-0.054325
-0.008151
0.116012
0.030025
-0.033967
-0.082775
0.102194
-0.047422
0.081605
-0.047677
-0.325510
-0.166472
0.082358
0.063100
0.019914
0.035365
-0.161807
0.083923
-0.069238
-0.256005
0.226165
0.117377
-0.221698
0.003490
0.146510
-0.401873
-0.141061
0.038942
0.023819
-0.010134
-0.621742
0.080894
0.097849
-0.011654
-0.185083
-0.040950
0.036556
0.163987
0.052462
-0.056136
-0.313434
0.274281
0.224929
0.132083
0.176484
0.185226
0.053863
0.299433
0.061626
-0.116888
-0.021474
-0.104490
0.144099
-0.766465
0.796265
-0.009244
-0.236475
-0.020767
0.002468
0.096638
0.208932
-0.796923
0.034757
-0.034483
-0.060414
-0.046400
0.088970
0.130125
-0.100244
-0.047308
-0.034741
-0.022014
-0.046194
-0.065938
0.049747
0.077717
0.037650
-0.001298
0.060668
-0.013728
-0.025201
-0.028577
-0.083171
-0.132324
0.034886
-0.059547
0.077309
-0.136054
-0.048879
-0.072576
-0.074472
-0.111740
0.010776
0.033533
-0.097953
0.007933
-0.038694
0.053780
-0.122563
0.081372
-0.005344
0.134196
-0.053503
0.082839
0.125386
0.123564
0.085089
0.053727
-0.072675
-0.133163
-0.120139
0.132814
0.012620
-0.088978
0.228345
0.008944
-0.035493
0.060148
0.040294
0.195973
0.187661
0.135118
-0.221180
0.270780
-0.087177
0.058161
0.076686
-0.040111
-0.042717
0.446597
-0.028217
0.147875
0.149428
-0.071933
-0.560481
-0.017431
-0.125263
0.141235
0.152941
-0.075716
-0.091911
0.054479
-0.133994
0.193730
0.294463
0.121393
-0.058845
-0.012851
-0.145015
-0.092014
-0.005111
0.156452
-0.169102
-0.032459
0.071652
0.185078
0.033762
0.779417
-1.174321
0.228272
0.049335
0.096001
0.036153
0.327066
0.236570
0.379214
-0.417611
-0.187968
-0.063820
0.036320
-0.068502
0.196415
0.188417
0.148482
-0.006203
-0.199333
-0.080305
-0.002234
0.115520
-0.152733
0.075947
0.244492
-0.022126
0.247379
0.247617
0.090497
0.480937
-0.171712
0.038218
-0.061370
0.183057
-0.113017
-0.042845
0.079173
-0.071410
-0.117455
0.033524
0.043042
-0.136511
-0.038215
-0.145846
-0.193541
0.012813
0.013355
-0.108792
0.022617
0.058729
0.113341
0.105275
0.290107
-0.747986
-0.024552
-0.295651
0.094183
-0.115290
0.272416
0.076055
0.317216
0.454304
0.101102
-0.139877
0.200759
0.102031
0.181601
0.433832
0.142606
-0.117940
0.173488
-0.137102
-0.115030
0.420602
0.069990
0.116509
0.483702
0.165290
0.192276
0.261530
0.143779
-0.329461
0.082086
-0.073506
-0.179636
0.130809
-0.185994
-0.097612
0.022803
-0.077245
-0.051949
0.174611
-0.009351
0.036846
0.087925
-0.144464
-0.037521
-0.129675
-0.250492
-0.067642
0.302593
0.092899
0.613713
0.044881
0.807214
-1.185389
-0.007715
-0.164425
-0.091060
0.111610
0.011422
0.371855
1.413392
-0.381616
-0.060304
-0.097349
0.162228
-0.053516
0.122110
0.322048
-0.199466
0.001265
-0.384363
-0.219573
-0.037428
0.509938
-0.012241
-0.024694
0.357435
-0.013777
0.303247
0.769187
-0.009884
-0.079457
-0.040641
0.110230
-0.149736
0.080268
-0.155720
0.042192
-0.156941
0.040335
-0.197738
-0.066607
-0.108139
-0.077331
-0.059451
-0.432908
-0.441496
0.104977
0.339243
0.128877
-0.007494
-0.218932
0.168669
-0.016767
0.102288
0.512052
0.025967
-0.319990
-0.010215
-0.026327
0.906659
-0.076550
0.406166
0.699447
0.003884
0.065515
-0.073345
-0.056710
0.143085
0.105752
-0.328925
0.102483
-0.545081
0.111671
0.091060
0.035828
-0.000875
0.092591
-0.019010
0.124334
0.075990
-0.051797
0.210825
-0.069389
0.165295
0.174820
-0.273771
0.208727
-0.061892
-0.157947
0.062805
0.228933
-0.347720
0.154722
0.070865
-0.218331
0.151901
0.167891
0.188746
0.025107
-0.060402
0.180064
-0.044004
0.210468
0.155848
0.099291
0.127644
-1.191873
0.235610
-0.390806
0.084405
0.006305
-0.077962
0.254187
-0.355538
-1.203913
0.046875
0.164970
0.427474
-0.053365
0.122801
0.092410
-0.113826
0.004899
-0.018253
-0.048588
-0.092827
0.179200
-0.145650
0.060004
-0.079452
0.102118
0.515648
0.507290
0.351071
-0.032528
0.055029
0.360999
-0.348635
-0.273563
-0.255124
-0.245815
0.035500
0.478594
-0.155236
-0.297412
-0.012107
-0.503414
-0.113591
0.137870
0.213341
0.008808
-0.831878
-0.297481
-0.263658
0.304936
0.108529
0.093884
-1.132662
0.980001
0.266565
-0.213357
-0.047656
-0.076372
0.472976
-0.172698
0.056880
0.068774
-0.092708
0.111840
0.052780
-0.116545
-0.047438
0.091374
-0.110759
0.092329
0.018769
0.114875
-0.028056
0.126494
-0.040261
0.122174
-0.112196
-0.076380
-0.096453
-0.137297
-0.015907
-0.063390
0.096398
-0.089676
-0.117359
-0.121428
0.086234
0.036348
0.076702
-0.043931
-0.111518
0.031970
-0.079498
0.031765
-0.052860
0.124193
-0.119235
-0.058945
-0.004704
-0.000914
-0.097864
0.126608
-0.051405
-0.042965
0.038824
0.127079
-0.114433
-0.138467
0.039665
-0.109708
-0.132175
-0.083538
0.090384
-0.283700
0.186659
-0.001620
0.182417
-0.056976
0.188427
-0.111980
-0.268088
0.083739
0.647595
0.135257
0.253617
0.199305
-0.008160
-0.064091
-0.016024
0.138107
-0.073080
-0.182537
0.257575
-0.164852
-0.030598
0.167122
0.162689
-0.130767
0.003776
0.079762
-0.200151
0.115227
0.229636
0.023923
0.134539
0.027361
-0.045815
0.075538
0.063654
0.017126
0.206670
0.064803
-0.024219
-0.103336
0.599628
0.034250
-0.618627
-0.850503
0.059328
0.335483
0.162403
0.079522
-0.288843
-0.029287
0.630067
-0.358043
0.260425
-0.047227
0.179262
0.093550
0.029050
-0.063741
-0.155649
0.048448
-0.207505
-0.046688
0.063975
0.098877
0.005483
0.043416
-0.012569
0.123900
0.119654
0.162874
-0.180127
0.341371
-0.094228
0.034965
-0.031529
0.089790
-0.019999
-0.112270
0.058625
0.008655
0.070480
0.180813
-0.107484
0.048947
0.138656
-0.154415
-0.244429
-0.227747
0.013808
0.143434
0.233915
-0.260636
0.333141
-0.104747
-0.205680
0.982881
-0.160555
-0.079616
0.086760
0.139138
-0.278239
0.110154
1.085991
0.064274
0.065290
0.090555
-0.078926
-0.054261
-0.126379
0.129185
-0.135552
-0.027494
-0.107408
0.040286
0.123174
-0.137547
0.137118
0.053863
0.066658
0.005184
0.077469
-0.115602
0.000085
0.083632
0.059235
-0.022547
-0.048583
-0.053413
-0.116543
0.112898
0.061725
-0.041751
-0.061560
-0.129716
-0.029719
-0.117461
0.065901
-0.094065
-0.070652
-0.010093
-0.022023
-0.002059
-0.081900
0.051231
-0.033739
0.037336
-0.015800
0.113119
-0.051567
-0.055034
-0.126184
-0.124897
-0.117620
0.020821
-0.051723
0.132692
-0.011611
0.062825
0.127774
0.129849
0.012501
-0.004367
-0.071724
-0.080167
0.033874
0.036161
-0.025101
-0.040530
-0.048425
-0.041244
-0.085871
-0.059541
0.067948
-0.093148
0.062690
-0.071623
0.119984
0.014091
0.099469
-0.069317
0.006680
-0.070173
0.044790
-0.055670
-0.042320
0.082290
-0.138545
-0.008111
0.027498
-0.101240
0.013156
-0.084595
-0.102191
-0.020180
-0.124124
-0.079559
-0.063395
0.122578
-0.059435
0.007997
0.100145
-0.041442
-0.043598
-0.102521
0.058153
-0.117340
-0.131127
-0.355767
-0.057801
0.086414
0.009856
0.024384
0.034319
0.259904
0.307936
0.115779
-0.188002
-0.284946
-0.035279
-0.039065
0.086661
0.083584
0.101003
0.100455
0.145996
0.084793
-0.301805
0.537865
-0.014639
-0.011888
0.067799
0.160163
-0.118881
-0.175978
-0.043667
-0.218712
0.001642
0.281154
0.037897
-0.042687
0.019803
-0.268989
-0.118714
-0.029932
0.012622
-0.121066
0.098859
-0.039154
-0.152073
-0.070779
0.143954
0.516425
-0.259537
-0.189792
-0.010068
-0.054849
0.346677
-0.052832
0.693203
-0.241243
0.104845
-0.124225
0.228722
0.185654
0.187096
-0.123185
-0.394491
0.176242
-0.278635
0.129254
0.063376
0.050926
0.166936
0.102027
-0.165949
0.030205
0.178569
0.087607
0.027113
0.127278
0.118479
0.073936
-0.144559
-0.045743
0.191114
0.117787
0.095043
0.258995
-0.233902
-0.178577
0.092464
0.227120
0.293133
0.317547
0.120717
-0.008134
0.136474
0.023150
0.117451
-0.156499
0.480231
0.210224
-0.511146
-1.239266
-0.122674
-0.154781
0.111574
0.128978
-0.258213
0.122303
0.214142
-0.038493
0.092518
0.125645
-0.106597
0.127860
-0.015075
-0.069373
-0.065902
-0.103824
0.011262
0.017017
-0.068953
-0.024041
-0.004434
-0.103211
0.093192
-0.003412
0.049894
0.074938
0.074618
0.005005
-0.133031
-0.092237
0.018738
-0.004455
0.077343
-0.101857
-0.131181
-0.128865
-0.084497
-0.061002
0.007933
0.128201
0.088582
0.083086
-0.026240
-0.079116
-0.043232
0.059266
-0.132126
0.114431
-0.101715
-0.083671
0.130359
0.007649
0.109668
-0.084631
-0.120963
0.068640
0.024209
-0.055524
0.088381
0.604323
0.219222
0.283010
0.060803
0.124040
0.195825
-0.044504
-0.243103
0.019326
0.093011
0.084654
0.156785
-0.060173
0.070612
-0.040694
0.037544
0.129714
-0.067879
0.060070
0.202759
-0.181600
-0.074408
0.147391
-0.109796
0.081476
0.016954
-0.163727
-0.091384
0.106313
0.058150
0.035997
-0.132008
-0.073207
0.147616
0.001233
0.099314
0.001916
-0.132719
0.224747
-0.182137
0.053002
0.170968
0.077168
-0.132637
-0.459984
-0.106483
-0.085162
0.022154
0.030539
-0.222655
-0.196696
-0.758038
-0.171171
0.098029
0.237712
0.071090
-0.022787
0.030404
-0.053931
-0.136546
-0.029513
0.356053
0.222010
-0.042680
-0.059894
0.133230
-0.069586
-0.196681
-0.082876
-0.147216
-0.162260
0.158700
0.132932
0.480204
-0.058833
0.160877
-0.118283
-0.071171
0.079312
-0.084305
0.115586
0.230033
-0.103657
0.156556
0.188632
-0.266859
0.120887
0.038284
0.100550
0.066157
-0.129230
0.149662
0.079631
0.084205
-0.021960
-0.762978
-0.780248
0.240005
0.226239
-0.094851
0.036771
-0.021182
0.130197
-0.047081
-0.027159
0.083185
-0.155713
-0.031032
0.041318
-0.077936
0.030501
-0.129890
0.035079
-0.017659
-0.069072
0.031015
-0.053748
-0.155359
-0.105499
0.050549
-0.028537
0.097531
-0.046675
0.106540
-0.084571
0.080689
0.108024
-0.043041
-0.126863
0.034643
-0.096233
0.033521
0.067829
-0.085862
-0.096473
-0.067876
-0.075157
0.095340
-0.129618
0.077307
0.006323
-0.109636
-0.066828
-0.143041
-0.005110
0.059909
0.080386
-0.030384
-0.083057
-0.004307
0.097076
-0.038399
0.017463
-0.051264
-0.000760
-0.086763
-0.267396
0.075291
-0.100666
0.128100
0.057117
0.072792
0.061179
-0.049759
0.124437
-0.207970
0.005088
0.098293
-0.055181
0.047032
0.098922
0.004689
-0.017932
-0.064141
-0.068360
-0.042584
-0.095641
0.213308
0.051244
-0.107361
0.068937
0.038644
-0.041278
0.296367
0.124505
-0.015809
0.019129
-0.054286
0.084643
0.283633
-0.044931
-0.009424
0.009806
0.055132
0.139424
0.155409
-0.251447
0.013087
-0.038952
-0.540926
-0.517944
0.269827
-0.157208
0.092294
-0.009421
0.213704
0.320796
-0.528298
0.006969
-0.130357
-0.050076
0.113695
-0.050286
0.112053
0.043409
-0.083434
-0.023128
0.004798
0.120030
-0.013654
0.071332
0.020277
-0.133613
-0.152307
0.051805
-0.030505
-0.150131
-0.077303
0.090745
-0.083076
-0.106000
-0.012613
-0.142809
-0.093518
0.026301
0.041961
0.057870
0.103264
0.063388
-0.052166
-0.123031
-0.049690
0.042349
-0.106424
0.006860
0.046935
-0.138446
0.080079
0.109112
0.061490
0.102805
-0.060109
0.066467
-0.127072
-0.104282
0.081662
-0.095914
-0.016881
-0.109200
-0.026435
0.586419
0.008807
0.047399
0.033641
0.026118
0.124800
-0.175186
-0.204715
-0.051538
-0.304662
0.136561
0.110361
-0.031877
-0.097227
-0.045706
-0.165945
-0.065856
0.193220
0.091399
0.145190
-0.123652
0.408266
0.014126
-0.162699
-0.030819
0.049924
0.007005
0.229948
0.219506
-0.182458
0.004870
-0.038481
-0.121145
0.266173
-0.026052
0.165293
0.192767
-0.047632
-0.086529
-0.191163
0.200737
-0.099733
-0.082581
0.175700
-1.164584
0.391321
-0.277136
0.081019
0.085795
0.130743
-0.249624
-0.242346
-0.077858
-0.033614
-0.115687
0.058701
-0.070393
-0.035237
-0.046978
-0.007908
-0.049305
-0.000984
0.037145
-0.089842
-0.059109
-0.137192
0.011596
-0.037858
-0.047688
-0.048232
0.003120
0.018599
0.085689
-0.018535
-0.049588
-0.077159
0.119577
-0.138035
-0.116536
0.096924
-0.084828
-0.030691
-0.077547
-0.110509
0.063945
-0.040264
0.036927
-0.041567
0.070836
-0.015594
-0.001408
0.062992
-0.121637
-0.042708
0.113725
-0.001866
-0.072323
-0.081031
0.068306
-0.129201
-0.104395
0.050252
0.059410
-0.019872
-0.653647
0.197907
-0.231361
0.077269
-0.067273
0.154891
0.021744
-0.022291
0.159970
-0.099107
-0.155146
0.030861
-0.050061
0.153021
0.151423
0.237248
-0.045196
-0.078487
0.071057
-0.131592
0.025145
-0.070637
0.078321
-0.022788
0.198424
-0.014700
-0.015235
0.125243
-0.017217
0.095450
0.193864
0.114399
0.014544
0.232053
-0.149579
-0.181797
-0.237675
0.076590
0.224349
0.349829
-0.216699
0.410300
-0.017731
-0.251732
0.767537
-0.238423
-0.032535
0.029808
0.039593
-0.107413
0.162776
1.196561
-0.287900
-0.056583
-0.169194
0.021502
0.103397
-0.235908
0.172075
0.315535
0.002917
-0.112999
-0.207330
-0.067022
0.048542
0.128199
0.105543
0.084505
-0.058969
0.082966
0.243205
0.011146
-0.295921
-0.148833
0.009872
-0.208266
0.043676
-0.071611
0.104793
0.201887
-0.002514
-0.139183
0.228498
-0.002196
0.170998
0.233571
-0.152177
-0.269509
0.039706
0.148018
0.108404
0.160417
-0.158938
-0.113081
-0.182267
0.330123
0.505334
0.125502
-0.315420
0.024793
0.039301
0.295799
0.072524
0.934134
0.051231
-0.020486
-0.137218
-0.047699
-0.056080
-0.047422
0.076633
-0.036440
0.138128
0.109736
0.090950
-0.052184
-0.044000
0.056568
-0.075130
-0.044409
-0.117087
0.015798
0.081891
-0.133399
0.117962
-0.114155
0.095407
-0.134889
0.017747
-0.029183
0.042811
-0.032175
0.088503
-0.032747
-0.009961
-0.108215
-0.101587
0.105837
-0.054028
-0.138068
-0.118466
0.095308
-0.128519
-0.077061
0.008994
-0.064334
-0.104930
0.076550
0.063949
-0.062544
0.077430
0.004331
-0.077771
-0.136354
0.006720
0.112838
0.360331
0.120150
-0.141736
-0.048724
0.029558
-0.118224
0.186681
0.344817
0.077881
-0.146305
-0.074969
-0.024182
0.302311
0.031592
-0.052350
0.269154
-0.039829
0.189323
0.298495
0.198347
0.347303
-0.008127
-0.047431
-0.063024
0.036935
-0.019906
-0.178178
-0.193189
-0.151302
-0.046896
-0.068343
-0.040015
-0.187361
-0.143952
-0.229822
-0.164493
-0.097343
-0.187874
-0.019167
-0.139607
0.057992
-0.066392
-0.120543
0.496514
1.110185
0.213905
-0.068201
-0.045582
-0.105890
0.091038
-0.075836
-0.029400
0.795261
-0.125773
0.254897
-0.362285
-0.026775
-0.176810
0.190756
0.512139
0.015716
0.101007
0.030245
-0.018046
0.206054
0.055270
0.062350
0.122062
-0.016233
-0.595543
-0.634617
-0.348449
0.260653
-0.149119
-0.425924
0.266440
0.284222
0.091961
0.112131
-0.226368
-0.324720
0.070884
0.359694
0.014956
0.177194
-0.452156
-0.192947
0.017569
-0.022614
0.412277
0.133948
0.053508
0.089136
-0.106668
0.070955
1.116658
0.775725
-0.132071
-0.001460
0.060953
0.013299
-0.570982
0.014481
0.309068
-0.266254
0.173802
0.001590
-0.066792
0.109544
-0.066625
-0.108961
-0.131329
0.135728
0.153419
-0.050883
0.079544
-0.215109
-0.114917
-0.106050
0.113836
0.064434
0.028969
-0.183816
-0.179848
0.545899
0.039478
-0.076696
0.047732
0.000921
-0.007939
0.016473
-0.244450
-0.065644
-0.035465
0.228781
-0.000044
0.031088
-0.236065
-0.046336
-0.003084
0.289949
-0.032637
-0.116960
-0.200349
0.095989
-0.139048
-0.134009
0.526129
1.248478
-0.021077
0.297848
-0.092725
-0.074522
0.118390
-0.096988
-1.258529
-0.033217
-0.080035
-0.125330
0.117576
-0.037707
0.095457
-0.079613
-0.054608
-0.021628
-0.110753
-0.047349
-0.134488
-0.138010
-0.046877
0.084771
-0.004539
-0.094524
0.048129
-0.060378
0.109944
-0.034577
0.071214
0.014578
0.012024
0.123675
-0.131525
0.056845
0.023852
0.042072
-0.141710
0.018291
0.112033
0.036286
-0.019464
-0.122067
-0.073029
-0.085859
0.124961
-0.052662
-0.108516
0.068815
-0.002419
0.075247
0.058489
-0.084558
-0.109691
0.075992
-0.050348
-0.136383
0.083950
-0.095779
0.017043
0.373847
-0.032252
-0.015518
-0.084076
0.064454
0.073122
0.124475
0.284063
-0.218822
0.080672
-0.000098
-0.029717
0.026877
0.077147
-0.021425
-0.020582
-0.056036
-0.061886
0.108370
-0.088453
-0.861376
-0.095194
0.016640
0.035332
-0.044362
0.052197
-0.037661
0.049866
0.085709
0.181909
0.011784
0.012688
0.193235
-0.049645
0.014925
-0.065534
-0.077958
0.186296
0.084972
-0.128672
-0.134888
-0.071216
-0.055563
0.341990
0.782061
-0.055951
0.020996
-0.038605
-0.088385
0.195793
0.388087
-0.487293
-0.633870
0.179993
0.394429
0.163881
0.139372
0.107388
0.636140
0.134411
0.048389
0.053334
-0.158728
-0.070685
0.595982
-0.144376
-0.036611
0.708357
-0.102814
-0.163914
-0.209991
0.033549
0.088694
-0.060923
0.110043
-0.195469
0.637805
-0.048438
-0.240793
-0.351951
-0.082565
-0.427422
0.668116
-0.041934
-0.200185
-0.343867
-0.218595
-0.287342
-0.044145
-0.288077
-0.136936
-0.018008
0.033021
0.503848
0.038419
0.168178
0.480248
0.301121
-0.178009
0.105198
-0.007104
-0.086571
-0.100010
0.423160
-1.042168
0.240282
0.148158
0.361200
-0.037654
0.244212
0.547178
-0.071331
0.006091
0.122845
-0.431624
0.071232
0.566826
-0.138768
-0.027960
0.619502
0.017004
0.087859
0.374724
0.318508
0.018016
0.022293
0.209326
-0.232202
0.380226
-0.246148
-0.540765
-0.028825
0.132419
-0.205613
0.303175
-0.148567
-0.532734
-0.293618
-0.242342
-0.270676
-0.015958
-0.541306
-0.160364
-0.036323
0.229897
0.475126
0.244618
-0.255254
0.281923
0.116523
-0.253679
-0.066062
-0.040361
0.384714
-0.116204
0.494166
0.134762
0.154975
0.122784
-0.113934
-0.132822
0.023263
-0.041744
0.057881
-0.054638
-0.037225
0.029164
0.062012
0.051875
-0.137873
0.045036
-0.036020
0.145486
0.157301
0.117023
0.100941
0.251483
0.147043
-0.022429
-0.095145
-0.000216
0.083887
0.018726
0.141837
0.013561
0.056043
-0.013990
-0.186958
-0.132361
0.141823
-0.018655
-0.016471
-0.050149
-0.140498
-0.061627
0.065799
0.187746
0.031742
-0.038387
-0.237652
-1.024130
0.298482
0.050585
-0.134534
0.051489
0.210999
-0.081208
-0.811349
0.016171
-0.026350
-0.016761
-0.030781
0.124132
0.069076
-0.121312
-0.001231
0.034687
0.071259
-0.059239
-0.128635
0.050007
-0.115359
-0.008526
-0.019236
0.093730
0.038794
-0.091717
0.038471
-0.140345
0.050511
-0.025993
0.090093
-0.129026
0.033342
-0.131607
0.020199
0.072206
0.012967
-0.058586
0.072304
-0.065374
-0.019907
0.080092
0.065455
-0.117361
-0.101205
-0.138785
-0.120634
-0.017016
-0.034420
-0.127028
-0.074378
0.061983
0.085557
-0.066915
0.078061
-0.113514
0.082241
0.048929
-0.009700
0.658764
0.191648
0.080976
-0.078177
0.023403
0.010648
0.158259
0.214368
-0.063907
0.529487
-0.089510
-0.079609
0.185910
-0.084929
0.017840
0.398104
-0.022281
-0.002588
0.116393
0.083058
-0.745539
0.109502
-0.306303
0.122932
0.198395
-0.036438
0.001370
-0.219722
-0.106602
0.238559
0.328418
-0.104567
-0.084391
-0.317029
-0.049016
-0.181567
-0.069636
-0.130616
-0.349395
0.001964
-0.020285
-0.237229
-0.009207
0.714808
0.405572
0.193105
0.478806
0.067069
0.032020
-0.005024
0.364042
-0.241702
0.446513
-0.064777
0.006663
-0.188814
-0.025013
-0.073219
0.096477
0.193357
0.232054
-0.426161
-0.262078
-0.115592
-0.118452
-0.015369
0.027953
0.103303
0.120668
0.194958
0.416182
-0.011195
0.507784
-0.086774
-0.129050
-0.124063
-0.003087
0.037992
-0.054177
-0.038697
-0.148000
-0.159066
-0.028068
-0.014920
-0.128168
-0.070071
-0.115024
-0.187438
0.124731
0.101631
0.143274
0.003951
-0.063989
-0.232066
-0.028433
0.497642
-0.376106
-0.235347
-0.291399
0.071804
0.128635
0.610464
-0.160490
-0.431729
-0.692759
0.156661
0.271095
0.384160
0.059672
0.010446
0.556736
-0.042056
-0.007372
-0.224005
-0.398323
-0.001882
0.568727
-0.098461
0.003639
0.545717
0.005271
0.138103
0.324895
0.222832
-0.564438
-0.043824
0.077661
-0.237974
0.425066
-0.021169
-0.234293
-0.072237
0.032761
-0.328384
0.358993
-0.216076
-0.416460
-0.024168
-0.310132
-0.097165
-0.013764
-0.386723
-0.168195
0.051199
0.001711
0.289472
0.124132
-0.108990
0.775704
0.165680
-0.381534
0.039456
0.044366
0.393239
0.139253
0.331300
0.011753
-0.082904
-0.061419
-0.075843
-0.125796
-0.080292
-0.006392
0.039317
0.051676
0.044329
-0.078543
-0.056222
-0.137986
-0.032164
-0.062736
-0.009444
-0.101243
-0.064675
0.128597
-0.017052
-0.131859
-0.112612
0.038308
0.005014
-0.074380
-0.047783
-0.091301
-0.019381
-0.104178
0.047403
-0.085422
0.057980
0.028784
0.118082
-0.109179
-0.114507
0.043673
0.012158
0.041699
-0.051201
0.031642
-0.069170
0.061783
-0.136898
-0.018108
0.126426
0.025323
0.018466
0.113136
-0.026930
0.036006
-0.083521
-0.144157
0.185661
-0.008611
0.062827
0.052561
0.133545
0.153709
0.312827
0.123585
0.452207
-0.218194
0.076554
-0.027461
0.079256
0.030866
-0.046794
-0.056198
-0.053034
0.123106
0.193907
0.293104
0.189086
0.061082
0.168107
0.019399
0.091674
0.032851
-0.030876
0.203230
0.148427
-0.034315
-0.107139
-0.085777
-0.158470
-0.262823
-0.086057
0.244885
0.087888
-0.184973
0.007587
0.015198
0.145781
0.158353
-0.777195
-0.582115
0.035757
0.134167
-0.030167
0.013629
0.084784
-0.370929
-0.703571
0.633752
0.210186
-0.118605
-0.062767
0.017874
0.026921
0.018270
-0.190382
0.138887
0.302500
0.144446
0.068860
0.018169
0.005729
0.077863
0.115278
-0.111514
0.062591
0.058137
-0.089522
0.710721
-0.314177
0.112296
-0.070377
-0.052787
-0.102952
-0.227955
-0.044400
-0.050590
0.183580
-0.208576
-0.323831
-0.147473
-0.111905
-0.103348
0.095224
0.066903
-0.103495
-0.081867
-0.117663
0.027576
0.427692
-0.042968
0.551697
0.790409
-0.294055
0.133375
0.066562
0.075726
-0.120287
-0.501165
0.061575
0.833284
-0.005945
0.107040
-0.187452
-0.026410
0.060704
-0.027880
-0.118435
0.023552
-0.518652
0.134277
-0.026897
0.095944
-0.158576
-0.146408
-0.111431
0.016849
0.208110
0.046064
0.356150
0.411569
-0.006728
0.282228
-0.335455
-0.203668
-0.073916
-0.128031
0.298423
0.168781
-0.232800
-0.095451
-0.050044
-0.026921
0.236644
0.098948
0.224883
-0.109196
-0.150232
0.200531
-0.262246
0.337389
0.315788
0.064116
-0.238101
-0.725249
0.226820
-0.246590
0.144301
-0.124088
0.056491
-0.310158
-0.293725
0.228304
0.067132
0.231507
-0.083117
0.067884
-0.009801
-0.192573
-0.338608
-0.000566
-0.016878
0.150022
0.007899
0.157324
0.017917
0.078749
0.031149
-0.139398
-0.287191
-0.569042
0.170374
0.048104
0.208830
0.081165
-0.019562
0.100421
-0.013971
-0.151958
-0.056177
0.066259
-0.049268
0.175153
-0.021914
-0.093097
-0.020004
0.185990
0.060638
0.107400
-0.218025
0.001348
-0.062505
0.081113
-0.065955
-0.132860
0.117391
0.606894
0.284852
0.164820
-0.039719
0.003455
-0.394604
0.063307
-0.789947
0.340509
-0.218952
0.132984
-0.099016
-0.051471
0.021893
0.134914
0.554806
-0.157994
0.354118
-0.186884
0.076037
0.318690
-0.017658
0.014755
0.241827
0.057928
-0.021649
0.217402
0.157803
-0.657063
0.227545
-0.131769
-0.007869
0.160037
0.131607
-0.108994
-0.266548
-0.003623
0.195498
-0.010151
0.104814
-0.029161
-0.307264
-0.225467
0.008302
-0.019963
0.160570
-0.054073
-0.208397
0.286145
-0.202119
0.048637
0.323747
-0.639045
0.376388
0.178084
0.066884
-0.180921
0.461919
0.330375
-0.836271
-0.063690
0.057460
-0.005435
0.064863
-0.117145
0.019558
-0.257288
0.120947
0.036597
-0.149272
0.101257
0.025914
-0.346800
0.049598
0.107006
-0.207428
0.077504
0.029655
-0.282586
-0.069164
0.107388
-0.009762
0.037491
-0.071041
-0.060922
-0.018832
0.002601
-0.026729
0.149455
-0.092992
-0.102048
0.137469
0.091889
-0.057502
0.228983
0.150213
0.101660
0.048762
0.046760
0.009374
0.193404
-0.344808
-0.025421
-0.692942
0.332449
-0.102141
0.089900
-0.068298
0.074219
0.074174
-0.195890
0.393750
-0.503230
-0.074684
0.078146
0.058475
0.107459
0.115221
0.250716
0.010730
0.102618
0.300992
-0.077322
-0.072942
-0.041488
0.017202
-0.090398
0.187586
-0.111845
0.019979
0.110190
-0.160698
0.446081
-0.017678
-0.002517
0.038580
0.181333
-0.076069
-0.121360
-0.285230
-0.111497
0.113698
0.212333
-0.074621
-0.040533
-0.134273
-0.062110
-0.147680
0.054937
-0.061644
-0.110249
-0.207784
0.275482
-0.087315
0.078906
0.240824
1.072493
0.041540
0.158319
-0.078292
-0.065509
-0.080165
0.130312
-0.363180
-0.479069
0.057593
-0.115750
0.157711
0.158645
0.208828
0.290842
0.113658
0.055867
-0.283293
-0.313121
0.129584
0.308903
0.055277
0.049128
0.377039
0.091660
0.249027
0.209327
-0.042449
0.529776
-0.244444
0.046004
-0.253396
0.176262
-0.086683
-0.101700
0.228776
0.046422
-0.360079
0.100816
-0.184515
-0.083794
-0.003764
-0.343034
-0.233636
0.132204
-0.192977
-0.016796
0.215071
0.079948
0.303905
0.044533
0.256618
0.452172
-0.142399
-0.380548
0.004355
0.015614
0.146561
0.065757
0.404599
-0.135772
0.023241
-0.043759
0.090859
-0.033948
-0.073349
-0.067868
-0.032578
0.009920
0.047315
-0.042266
-0.105182
-0.112846
0.028949
-0.101002
-0.128183
0.047973
0.021711
-0.013847
-0.018231
0.126451
-0.131744
0.036839
0.086420
0.027560
-0.096068
-0.070413
-0.080019
-0.054962
-0.038060
0.061573
-0.101467
-0.053127
0.053365
-0.115906
-0.137845
-0.131114
-0.046565
-0.098385
-0.054959
-0.106001
0.034674
-0.064567
-0.056303
0.118648
0.057107
0.014300
-0.041965
0.107982
0.015582
0.035852
0.111318
0.291253
-0.051333
0.002664
-0.375757
0.111235
-0.171643
-0.241607
0.355425
-0.019155
-0.356742
-0.039303
-0.013094
-0.339833
-0.003020
0.097212
-0.177670
0.005895
-0.139226
-0.077745
-0.418299
0.138725
-0.109932
-0.122562
-0.024477
0.209776
0.199562
0.136105
0.135755
-0.027079
-0.099394
0.040110
0.179576
0.110169
0.123104
0.143719
0.049022
-0.063935
0.067098
0.198638
0.101441
0.129993
-0.147375
-0.104999
0.782622
0.079286
-0.405822
-0.201466
0.078497
-0.051990
0.047801
-0.109050
0.510052
-0.155055
0.040614
0.053074
-0.019069
-0.134888
0.085624
0.000822
0.259452
0.091913
0.213208
0.106711
-0.005528
0.014036
0.064124
-0.138729
0.015413
-0.147189
0.055904
-0.033127
0.140322
0.689482
-0.008426
0.067648
0.062709
0.039312
-0.167275
-0.101928
-0.149655
0.089683
0.260460
0.075726
-0.124040
-0.139479
-0.054941
-0.205852
-0.038150
0.067404
0.037364
-0.132575
0.052365
0.069871
0.130930
-0.090203
-0.510776
-0.037521
-0.131838
0.203043
0.119437
0.010474
-0.030891
-0.007170
0.198010
-0.441451
-0.174454
-0.106444
-0.159470
-0.066529
-0.117636
-0.028559
0.345774
0.211611
-0.224070
-0.102910
0.074240
-0.137112
0.163239
0.027968
-0.024379
-0.043618
0.052404
0.118962
-0.046256
0.735191
0.143146
-0.119419
-0.084779
0.124970
-0.015483
-0.043072
-0.153746
0.044556
-0.098330
0.046972
-0.063950
0.079671
-0.181044
-0.089639
0.129302
0.250705
0.053504
-0.077162
-0.077865
0.211768
-0.444210
0.031611
-0.154638
0.841636
-0.132439
-0.180062
-0.104198
0.030799
0.129380
-0.286198
-0.292244
0.772202
-0.291927
-0.022366
0.008816
-0.006040
0.060722
-0.739669
-0.262996
0.018714
0.547494
0.400724
-0.129305
-0.677957
-0.035986
0.023945
-0.848501
-0.006391
0.288417
-0.065766
-0.164517
-0.128469
0.142328
-0.034998
0.323596
-0.519954
-0.102316
-0.059154
-0.159884
-0.121852
0.506832
-0.574253
0.309587
0.080028
-0.074221
0.407026
0.582388
-0.020463
0.160109
-0.199749
-0.044215
0.066958
-0.477383
-0.018316
0.640442
-0.553013
-0.367293
0.410609
0.041623
-0.026217
0.396734
-0.203044
-0.126012
0.030548
-0.061034
0.120453
-0.072229
-0.127864
0.064963
-0.098220
-0.113116
-0.138115
0.066730
-0.068399
-0.125351
-0.110395
0.120616
-0.088879
0.030653
-0.131528
-0.056934
0.098684
-0.005687
-0.137628
-0.082972
0.005012
-0.093316
0.036733
0.016131
-0.018503
0.125122
0.048697
-0.020968
0.031075
-0.022524
-0.070549
0.047916
-0.108908
0.008638
0.039938
0.079994
0.045144
-0.122487
-0.051125
0.108058
0.120539
-0.007634
-0.111766
-0.118274
0.030495
-0.052138
0.058897
0.005450
0.051399
0.062673
-0.045510
-0.013372
0.133832
-0.099295
-0.085868
-0.041321
-0.056219
-0.071094
0.024128
-0.095998
0.014295
-0.054717
-0.018848
0.089974
0.045082
-0.076483
0.085168
0.116153
0.131922
-0.108915
-0.109736
0.111938
-0.083096
-0.116354
0.005372
-0.133289
0.111710
0.077229
0.029138
-0.109683
-0.129896
0.023214
-0.009609
0.043725
-0.133002
-0.127911
0.124190
0.003479
-0.001807
-0.068026
-0.006375
-0.048560
0.103299
0.026285
-0.125606
0.050695
-0.027345
-0.047030
-0.072761
-0.029943
-0.015233
-0.058546
0.006529
0.059197
-0.018069
0.003252
-0.030372
0.123979
0.113725
-0.111773
0.009685
0.002291
0.017394
-0.041509
-0.024280
0.105061
-0.014143
-0.108875
-0.115400
0.131561
0.075022
0.117013
-0.025653
-0.067515
-0.032900
0.073072
0.054593
0.052638
-0.053328
0.106049
-0.055508
0.021571
-0.129052
-0.004598
-0.075617
-0.087493
0.061721
0.118999
-0.043897
-0.136702
-0.073792
-0.085977
-0.085776
0.062083
-0.018307
-0.107307
-0.073997
0.016462
0.061584
-0.090585
-0.092305
-0.134607
-0.107696
-0.008826
-0.146478
0.041187
-0.124456
-0.086145
-0.113661
-0.070704
-0.146874
0.102063
0.065033
0.003287
-0.069693
0.050258
-0.132715
-0.068263
0.109022
-0.151110
0.072372
-0.134793
-0.092944
-0.092482
0.432307
0.024683
0.158964
0.107943
-0.290074
0.174898
0.153605
0.011264
0.070432
0.193307
-0.317798
0.034027
0.084660
-0.024102
-0.020526
0.139109
-0.084098
0.204938
-0.063177
0.025577
-0.155702
-0.185802
-0.120515
-0.748945
1.039423
0.067570
0.022440
0.229634
0.125588
0.015459
-0.137593
-0.531924
-0.009429
-0.015951
-0.121800
-0.076374
-0.134356
-0.013801
0.074634
-0.132051
0.117795
0.006418
-0.038818
0.077243
-0.033314
-0.107589
0.049011
0.093660
-0.021752
-0.146702
0.084816
-0.011261
-0.109936
0.115098
-0.071028
0.081815
-0.028732
-0.124562
-0.012638
0.111884
-0.098534
0.021537
-0.116348
-0.008936
-0.029069
-0.024407
-0.028715
0.036399
0.109868
0.069536
-0.114117
-0.102704
-0.104400
-0.138635
-0.014349
0.064078
-0.133785
-0.061869
-0.082953
0.078125
0.033080
-0.043916
0.103614
0.074626
-0.657676
0.049304
-0.172903
0.080625
-0.028111
-0.142408
-0.026217
-0.392012
0.126002
-0.363548
0.118054
0.033353
-0.098941
-0.009561
0.221211
-0.147075
0.116447
-0.180100
-0.099734
-0.227001
0.399341
0.104666
-0.029232
-0.224591
0.187168
0.203522
0.175922
0.273617
-0.052946
-0.019196
0.198441
-0.078462
0.047177
0.007053
0.130166
0.045441
0.231221
0.076048
0.166319
0.249185
-0.097995
0.012942
-0.034541
-0.336850
1.018721
-0.030604
-0.078491
0.106289
0.223450
-0.225674
0.017254
-0.033395
0.264087
0.077907
0.014623
-0.071421
0.111715
-0.014281
0.365210
0.211496
0.022898
0.374642
-0.328781
-0.056001
0.437368
-0.044511
-0.123986
0.392918
-0.015588
0.008080
0.252977
-0.046065
-0.358869
0.048284
-0.069949
0.091905
0.420580
0.068381
-0.018569
-0.105404
-0.083452
0.200150
0.391803
-0.086498
0.029218
0.013751
-0.222041
-0.114695
-0.111906
-0.041512
-0.283013
0.120595
-0.076657
0.065643
0.032716
0.570930
-0.263132
0.304836
0.112605
-0.051695
-0.119999
0.209148
0.406418
-0.513053
0.391167
0.072187
0.198426
-0.067677
0.150913
-0.002357
0.196792
0.159583
-0.142121
0.173773
0.094734
-0.089068
-0.060147
0.090708
0.109973
0.231972
0.065215
0.033924
0.012209
0.036744
-0.467602
0.090745
0.164596
0.065471
0.022128
0.012236
0.105411
-0.094481
-0.041135
0.221059
0.189965
0.053695
0.040331
-0.214825
-0.031924
-0.032665
-0.202403
0.071849
-0.152142
-0.035255
-0.037320
-0.021037
0.037404
0.369925
-1.021984
0.051850
0.234350
-0.155506
0.173247
-0.048637
0.383982
0.657338
0.249398
0.077892
0.024504
-0.107089
0.023604
-0.030551
0.318765
-0.101923
-0.006596
-0.347028
-0.235463
-0.064097
0.129969
0.163085
-0.109587
0.349137
0.095141
0.245367
0.002387
0.101776
0.304221
-0.213773
-0.105845
-0.219972
0.182253
0.023514
-0.069492
0.265798
-0.151518
-0.333867
0.115835
-0.231075
-0.012162
0.208454
-0.159928
-0.224277
0.128159
-0.061766
0.126270
0.050416
-0.051467
0.096808
-0.138540
0.630639
0.508799
0.086965
-0.420005
-0.041677
0.055883
0.180048
-0.124192
0.098170
0.070664
0.004250
-0.119274
-0.120563
0.061723
-0.010730
0.060274
-0.116260
0.118414
-0.070707
-0.059153
0.129184
0.042794
0.064759
0.036725
-0.078204
0.132894
-0.118988
-0.107991
-0.015388
-0.130087
-0.055619
-0.062584
-0.005801
-0.038319
0.105500
0.008211
-0.029631
0.135064
0.025144
-0.056156
-0.008446
-0.114773
-0.092289
-0.056728
-0.042522
0.031922
-0.071857
-0.122580
0.037081
0.106676
-0.101596
0.041835
0.018937
-0.136685
0.009785
0.086978
0.051054
-0.026800
-0.017121
-0.125098
-0.138591
0.036772
-0.096757
-0.104551
-0.065108
-0.122481
-0.075145
-0.087906
0.016041
-0.015674
-0.110451
-0.031824
-0.097840
0.118566
-0.107353
-0.073180
0.124988
-0.079454
0.070844
-0.137304
-0.108566
0.061666
0.098889
0.122038
-0.124845
0.099011
0.108595
0.102880
0.114825
0.132759
-0.119792
-0.012881
-0.099022
-0.085517
-0.131948
-0.066091
-0.077867
0.070235
0.053166
-0.028847
0.034418
-0.026533
-0.052468
0.014826
0.083129
0.118052
-0.083722
-0.006117
-0.131430
0.076679
-0.130147
-0.070634
-0.044189
0.281487
-0.049783
0.002840
-0.005549
-0.081467
-0.001508
0.413623
0.293794
0.172004
-0.321690
-0.103473
-0.095440
0.460209
-0.157082
-0.050029
0.483814
-0.095775
0.239672
0.364681
-0.007363
0.477217
-0.057085
-0.116663
-0.053960
0.265405
-0.142196
-0.147606
0.103581
-0.084956
-0.136564
0.263365
-0.247892
-0.254116
-0.081591
-0.399567
-0.204370
0.023411
0.015214
-0.084387
-0.141469
0.174426
0.359213
0.165976
0.668281
-0.640697
0.159903
-0.387951
0.015317
-0.082997
0.447564
-0.161399
0.039057
0.817199
0.173401
-0.048820
-0.201871
-0.074777
0.082511
0.181781
-0.351624
0.073312
-0.126682
-0.018197
-0.069449
0.118573
-0.054155
0.036736
0.215420
-0.014159
-0.006293
-0.020350
0.004914
0.321328
0.189778
-0.233049
-0.201269
0.436155
-0.004100
-0.169952
-0.088332
-0.253672
-0.014113
0.348226
-0.088881
-0.177934
-0.098957
-0.074754
0.024536
0.061895
-0.285897
-0.149637
-0.040578
-0.022542
0.002863
-0.199593
0.944794
0.489208
0.220099
0.009021
-0.048481
0.004554
-0.022800
-0.035093
-0.598332
-0.655181
0.271085
-0.265609
-0.010198
-0.053187
0.047993
-0.028009
-0.132841
0.024988
0.165403
-0.034237
0.092390
0.157231
0.070279
0.010544
0.273230
0.034873
0.014294
0.214463
-0.098450
-0.496649
-0.313988
-0.094527
-0.021149
0.212062
0.176515
0.292087
0.069208
0.028792
0.013595
0.101174
0.171874
0.138718
0.191219
-0.036114
-0.159986
-0.074235
0.227837
0.033807
0.184914
-0.353073
0.204805
-0.036139
0.163862
1.212754
0.108645
0.055290
-0.027068
-0.019618
-0.225187
0.350785
0.241220
0.112936
0.076394
-0.079191
-0.135822
-0.155155
-0.206206
0.229618
0.009960
0.018474
0.336758
0.031700
-0.026034
0.256351
0.023249
-0.037805
0.291669
-0.048650
0.097135
0.167437
-0.020211
0.528450
-0.106176
-0.205512
0.120657
0.030776
-0.136102
0.059552
-0.059320
-0.065117
0.156651
0.180043
-0.211009
-0.125518
-0.150926
-0.106581
-0.261192
-0.239090
-0.146540
-0.143633
0.280423
-0.101687
-0.005236
-0.029771
0.524827
1.039992
0.234307
0.223919
-0.063944
0.105208
-0.143482
0.061620
0.424629
-0.504306
-0.071117
-0.002304
0.100695
-0.054923
-0.138385
-0.151808
-0.089910
0.087777
0.021158
0.170711
0.213186
-0.387603
0.011338
0.199279
-0.131440
0.018813
-0.229338
0.038589
-0.248663
-0.134560
0.228359
0.191000
0.103841
-0.036384
0.099922
0.274306
0.151629
-0.079854
0.071059
-0.174999
0.308944
0.237967
-0.095080
0.015708
0.132314
-0.027713
0.129627
0.175537
0.004628
0.045007
-0.370502
-0.081727
-0.626314
0.646512
-0.206521
0.047670
0.007346
0.211803
0.069532
-0.145724
0.307130
0.405214
-0.058333
-0.108193
-0.000671
0.051008
0.035386
-0.440349
-0.310033
-0.029215
-0.051636
0.273034
-0.075469
-0.404314
0.098079
-0.007013
-0.688455
0.109405
0.251030
-0.147633
-0.188775
-0.411654
-0.085226
0.081962
0.067743
-0.503795
0.123477
0.018567
0.037298
0.073217
-0.058761
-0.546637
0.065662
0.122235
0.082726
0.461461
0.304464
0.074191
0.192375
0.225402
-0.214438
-0.048060
-0.258189
0.077565
0.037631
0.239315
-0.047948
0.130594
0.067095
0.024932
0.152440
0.068070
-0.409570
-0.194955
0.091591
0.130510
0.048430
0.053485
-0.135931
-0.229193
-0.150181
-0.181829
0.337894
0.164173
0.088126
-0.095868
0.093746
0.139309
-0.316649
0.009163
-0.230831
-0.261434
0.206420
-0.495155
0.308920
0.069775
0.038701
-0.034422
0.066326
-0.046317
-0.225849
-0.094544
0.257105
0.129790
-0.020062
0.063983
-0.090271
0.270557
0.165737
0.185871
0.029634
-0.193653
-0.193340
0.197171
-0.374713
-0.092473
-0.464710
1.125380
0.121345
0.396046
-0.001398
-0.095855
-0.161903
0.197142
-0.451687
-0.301990
0.237559
-0.002039
0.295290
-0.023795
0.262269
0.356107
-0.106916
-0.083767
0.006451
-0.013122
-0.044938
0.236554
-0.059115
0.000654
0.263150
-0.142041
0.150568
0.048892
0.171925
-0.483734
-0.188763
-0.010377
0.058455
0.302727
0.008998
-0.144289
0.011686
-0.051216
0.069859
0.086885
-0.031623
-0.057609
0.069331
-0.176039
-0.037336
-0.262965
-0.009325
0.063863
0.146938
0.091163
0.416349
0.185188
-0.346259
0.863672
0.076437
-0.141373
-0.039680
0.062765
-0.356016
0.135800
0.838958
-0.026604
-0.126162
0.106680
-0.086009
-0.091895
-0.135883
-0.138708
0.019113
0.043233
-0.485267
0.079473
-0.104260
-0.118605
0.160952
0.065603
-0.100779
0.033937
-0.032275
0.097990
-0.138681
-0.146585
0.197925
-0.166788
-0.018027
0.371054
0.107695
-0.049848
0.172005
-0.208489
-0.320009
0.410422
0.084228
0.040818
0.063607
-0.096757
0.133783
0.009042
-0.043139
0.048006
0.031333
0.228080
-0.359364
-0.065730
0.423772
0.451861
0.225591
-0.327289
-0.014149
0.184427
0.371936
0.216572
0.229698
0.120884
-0.013496
0.012664
0.086491
0.134292
-0.096474
-0.024597
0.056711
-0.132551
-0.137574
0.060408
0.002026
-0.046136
-0.116964
0.132619
0.111961
-0.055119
-0.057326
-0.049382
-0.000381
-0.103875
0.113977
-0.125301
-0.056811
-0.125699
0.126074
-0.064205
-0.086541
-0.010476
-0.015000
-0.132709
-0.026257
-0.005696
-0.091747
-0.017729
-0.080194
-0.049076
0.004082
0.086318
-0.128716
0.110460
0.074919
-0.051810
0.033271
0.060504
-0.072684
0.025351
-0.054700
-0.119686
-0.006033
0.010009
-0.057796
-0.104702
0.102519
-0.137353
0.109528
-0.053883
-0.097083
0.062826
-0.124724
0.050245
-0.019501
-0.048624
-0.063334
-0.095563
0.107166
-0.060142
-0.068092
0.069006
-0.057756
0.060096
-0.108260
0.095346
-0.033112
0.015384
-0.095296
-0.135272
0.065724
0.045710
-0.130520
0.053830
-0.084778
0.032682
0.117408
0.107450
-0.001595
-0.000441
0.005898
-0.076391
0.092253
-0.014883
-0.028231
0.019467
0.119615
-0.075960
-0.117150
0.100749
-0.128885
0.049056
-0.053625
0.009606
0.049278
-0.108809
-0.083111
-0.515723
0.123184
0.176830
0.083564
0.079217
0.002498
0.140407
0.230416
-0.058428
-0.118233
-0.068707
0.030421
0.290793
-0.106269
0.148437
0.252867
-0.161247
-0.057430
0.203114
-0.070856
-0.768174
-0.167684
0.154566
-0.116812
0.137774
0.037557
0.056903
0.051459
0.026654
-0.200747
0.186391
0.056509
0.049804
0.100559
-0.164953
-0.051031
-0.134378
-0.004746
0.161739
-0.170287
0.112144
0.101998
0.160034
0.013724
0.942195
-0.075783
-0.158630
-0.042410
-0.045523
0.061642
0.218388
0.781937
0.721002
-0.243999
-0.282919
-0.248609
0.037109
-0.131347
-0.817834
-0.186248
0.077050
0.369833
0.385964
-0.040036
-0.562262
0.102366
0.000848
-0.692293
0.003126
-0.181524
-0.487367
-0.184710
0.048229
-0.115659
0.024069
0.397206
-0.649051
0.103784
0.186348
0.090018
-0.028316
0.512018
-0.500998
0.282935
0.117414
-0.102360
0.383404
0.273038
-0.042780
0.443735
0.223894
-0.002216
-0.022544
-0.318477
-0.163607
0.425806
0.479663
-0.149293
0.323346
0.102795
-0.003785
-0.113718
-0.102261
0.482987
0.449223
0.251758
0.276136
-0.045975
-0.059402
0.231611
0.186423
-0.206522
-0.058762
0.324644
-0.013091
0.132609
0.171137
0.052334
0.050450
0.050556
0.104248
0.007260
-0.236648
0.068841
-0.323099
0.347443
0.068605
-0.040360
0.170304
-0.004232
0.029730
-0.196575
0.056358
0.046286
0.077494
0.130556
-0.108797
0.046948
0.038117
-0.107234
0.111790
-0.193086
0.045469
-0.098773
0.170613
-0.063930
-0.012564
-0.324385
-0.657609
0.015548
0.281775
-0.131993
0.061549
-0.126583
0.309918
-0.432394
0.219146
0.236902
0.140898
-0.147258
0.065930
-0.129713
-0.238448
-0.389502
0.244159
0.261113
0.325421
0.005003
-0.028542
0.021923
-0.053643
-0.189639
0.077688
-0.107785
-0.390616
-0.075748
0.597555
-0.107035
0.141059
0.037648
-0.256068
-0.096755
-0.117946
0.059923
0.050594
0.195184
-0.340758
0.052043
0.043991
0.015359
0.157906
0.112874
-0.177261
-0.016680
-0.181133
0.060329
-0.047802
0.112017
0.038694
-0.288828
0.618153
0.102613
0.227392
-0.058538
0.050235
-0.465833
-0.328689
-0.333776
0.490132
-0.170909
-0.172981
-0.247896
-0.006944
-0.166161
-0.158219
-0.037093
0.217490
-0.384075
0.125063
-0.042016
-0.287241
0.111325
0.037009
-0.034583
0.127837
0.169293
0.163064
-0.217165
0.761224
-0.260953
-0.145973
-0.061705
-0.104879
0.041437
0.103247
0.074428
-0.197630
-0.157960
0.013060
0.025221
-0.065659
0.213131
0.150394
0.053833
-0.100232
-0.034087
-0.015416
0.118786
0.196547
0.005045
-0.062606
0.580548
0.662757
-0.058378
-0.167384
-0.007600
0.048222
0.020606
-0.182972
0.257087
0.380424
-0.312336
0.111984
-0.303046
-0.027505
-0.199270
0.064858
0.229964
-0.213624
-0.407918
-0.066235
0.066907
0.134566
0.097878
0.069023
0.089453
-0.092509
0.298384
0.551249
-0.126111
-0.422577
0.021244
-0.028193
-0.005870
0.181709
-0.045477
0.065471
0.105072
-0.102581
-0.035018
0.193468
0.269258
-0.028517
-0.049955
-0.242059
-0.106460
0.095743
-0.144708
-0.188786
-0.182519
0.150259
-0.556443
-0.208480
0.431647
1.142459
0.288260
-0.058817
-0.043252
-0.148716
0.632177
0.147027
-0.646264
-0.559662
0.094672
0.368039
0.243101
0.054170
0.088756
0.566519
0.140833
0.099525
0.265775
-0.214553
0.102066
0.500619
-0.062131
0.016406
0.579965
-0.027883
-0.548438
-0.401465
0.232090
0.183361
-0.028777
0.111326
-0.137368
0.466861
-0.078243
-0.081273
-0.495985
0.097922
-0.119399
0.326191
-0.194599
-0.296775
-0.396652
-0.180488
0.008774
-0.091621
0.043777
0.050822
-0.090947
0.112859
0.229273
0.099490
-0.133230
0.990633
0.049703
0.031484
-0.104720
0.032173
-0.568986
-0.032969
-0.011517
0.210528
-0.141522
-0.404655
-0.060219
-0.078614
-0.066795
0.103855
-0.156891
-0.050590
-0.443814
-0.371225
0.062079
0.096044
0.099820
-0.010712
-0.032156
0.021297
0.244999
0.340455
-0.255490
0.133505
-0.239290
-0.226126
-0.057455
-0.163876
0.097443
0.267667
0.073471
-0.184862
-0.140225
-0.009096
0.042199
0.110411
-0.064021
-0.364474
-0.152113
0.076530
0.531023
0.190233
0.105350
-0.181003
-0.258930
-0.219602
0.766129
1.040593
0.104259
-0.206190
-0.013681
0.093211
0.618959
0.004233
-0.355923
0.102667
-0.058367
0.085778
0.169671
0.022198
0.009075
-0.294379
-0.598732
-0.091962
0.360534
0.403375
-0.055371
-0.388773
-0.055381
-0.066917
-0.426173
0.028630
-0.136153
-0.511164
-0.143279
0.047543
0.185323
0.079341
0.263487
-0.116038
-0.022480
0.023816
-0.075064
0.040414
0.142426
-0.120704
0.038076
-0.004858
-0.197526
0.443770
0.124153
0.116357
-0.112975
-0.018380
0.069847
-0.109613
0.069179
-0.106521
0.153971
1.191146
-0.002084
0.355946
0.091146
-0.027520
-0.240683
-0.051724
-0.062321
-0.482931
-0.233349
0.005742
-0.136009
0.009562
-0.176204
-0.031757
0.241433
0.033985
-0.222113
-0.030297
0.120946
-0.018704
0.159058
0.020051
-0.231274
-0.063422
0.034968
0.103435
-0.042911
0.509710
0.083029
0.082301
-0.236283
-0.135126
0.147569
0.199844
0.195580
-0.068301
-0.261839
-0.048694
-0.055296
0.132857
0.165798
-0.138807
0.016182
0.071310
0.221435
-0.041132
0.018000
0.175339
-0.541433
-0.187445
-0.703323
0.557382
0.029131
-0.298609
-0.107640
-0.003127
0.192905
-0.104348
-1.124429
0.037424
0.018565
0.060465
0.120563
-0.125178
-0.082341
-0.043392
0.107757
0.086450
0.053255
-0.140698
0.113657
-0.140950
-0.121401
0.006916
-0.095041
-0.018664
-0.138600
0.049520
-0.027601
0.006615
-0.107245
0.058011
-0.125213
0.006722
-0.109038
0.068234
-0.019923
-0.131372
0.055939
-0.050560
-0.004941
0.003715
0.039876
-0.012273
0.010383
-0.106688
0.006615
-0.026374
-0.012433
-0.020873
0.045592
0.019839
0.016037
0.009471
0.113448
0.076293
0.049782
0.082976
0.060750
-0.092198
0.025818
-0.381048
0.228214
0.292269
0.129753
-0.091214
0.200098
-0.092074
0.176084
-0.022848
0.333343
0.046372
-0.049241
0.124356
-0.138132
0.115960
0.135442
-0.055325
-0.230153
-0.159026
0.103295
0.479898
0.494381
-0.057926
-0.009655
0.001017
-0.040072
0.087108
-0.185435
-0.034210
0.244773
0.074532
0.008258
-0.114905
-0.174585
-0.025332
0.079859
0.333607
-0.016756
-0.279757
-0.089424
0.144601
-0.211759
-0.105703
-0.744255
-0.545233
-0.015492
0.206752
-0.080909
0.107673
0.247757
0.121607
-0.757284
0.129227
-0.033673
0.018921
-0.075970
0.037214
0.066311
0.065492
0.025046
-0.034887
-0.214737
-0.201813
0.024161
0.249626
0.104684
-0.094383
0.279971
-0.001819
0.118951
0.040517
-0.015878
-0.791794
-0.266302
-0.135719
0.039594
0.258072
0.014156
0.137662
0.157731
-0.025934
0.039347
0.354458
-0.068927
-0.034019
0.155294
0.022145
-0.022837
0.048147
0.064926
0.177638
0.225348
-0.075184
0.185208
-0.053971
0.639609
0.579739
-0.156698
-0.211099
-0.046382
-0.045599
0.026362
0.161580
0.555879
-0.015195
-0.092913
0.048346
0.016939
0.047982
0.127972
-0.039183
0.056626
0.136499
-0.068978
0.131972
0.077361
0.200503
0.032851
-0.012197
0.026262
0.020172
-0.129885
0.144041
-0.093950
0.102070
0.094398
-0.057080
-0.026742
0.036371
0.009135
0.097196
0.047376
0.055441
0.170694
0.064639
-0.087788
-0.007736
0.115453
-0.142332
0.043526
0.032434
0.088198
-0.179568
0.049680
-0.115938
-0.021494
-0.123783
0.067818
0.093536
-0.020526
-0.148847
0.013833
-0.014865
-0.032529
0.169788
-0.100671
-0.055864
-0.097513
-0.024015
-0.004246
-0.082965
-0.008710
-0.033918
-0.118150
0.089089
-0.051978
0.016281
0.086116
0.090884
0.023851
0.137987
-0.095365
0.089146
0.103346
0.053668
0.127758
0.139532
0.103532
0.023426
-0.120574
-0.097875
-0.036766
0.102593
-0.054731
-0.076865
0.119885
-0.054920
0.071063
-0.029155
-0.042447
-0.033023
-0.102490
-0.055001
-0.023654
-0.133160
0.043638
0.099860
0.010163
-0.073689
-0.087247
0.054540
0.007462
0.035135
-0.010103
-0.075095
0.116563
-0.053476
0.027009
-0.154580
0.083320
0.014679
-0.001363
0.151371
0.136691
-0.068804
0.123909
-0.056734
0.136433
-0.049746
-0.010965
0.055898
0.079769
0.031560
-0.163395
-0.041058
0.035034
0.044078
0.011345
-0.034670
0.018868
0.083532
0.165113
-0.024492
0.163440
-1.003517
-0.069790
-0.146129
-0.051756
-0.070213
-0.044075
-0.064659
0.113279
-0.006557
0.003507
0.083840
0.100230
0.028141
0.048951
0.045473
-0.000633
0.097542
-0.050216
0.018245
0.037779
0.084177
-0.244510
0.055351
0.020110
0.077938
-0.069739
0.056865
-0.828299
0.067721
0.055223
-0.006863
0.041959
-0.011575
0.028603
0.121593
-0.052609
-0.839532
0.049992
-0.052014
-0.072143
0.010842
-0.086585
0.119731
-0.009761
-0.642144
0.023389
-0.919136
-0.051095
-0.091922
-0.090808
0.017301
-0.013397
0.182528
0.022356
-0.040457
-0.044606
0.064602
-0.053074
0.013263
0.073400
0.038259
0.070471
0.017306
-0.026093
0.012515
0.063030
-0.888684
-0.148761
-0.063654
-0.244821
-0.807176
-1.042018
0.000675
0.075748
-0.109971
-0.030289
-1.117585
-0.041449
0.132411
0.002661
0.024273
-0.027577
0.030090
-0.054806
0.128522
0.090330
-0.085641
-0.231104
0.115994
0.116357
-0.642412
-0.032520
0.054942
0.082165
-0.091240
0.012600
-0.115379
0.111224
0.042331
0.069868
0.010267
0.085126
0.196326
-0.028739
-0.210178
0.114011
-0.076062
-0.444723
-0.157068
0.026508
-0.000273
-0.040445
0.046898
-0.138190
-0.926870
-0.051383
0.013487
0.022088
0.003034
-0.787098
-0.585339
-0.519822
0.130590
0.080803
0.035174
-0.102455
0.070809
-0.365729
-0.414224
-0.048994
-0.685797
0.054429
0.152339
0.039259
-0.425037
0.264232
-0.733565
0.388883
-0.872537
0.456450
0.274085
0.120074
-0.080109
0.025198
-0.481404
-0.053527
0.077537
0.209872
0.079909
-0.082911
0.024698
-0.012946
-0.068791
0.038495
-0.277582
-0.386368
0.200092
0.014172
-0.040888
-0.605670
-0.005314
-0.035637
0.311496
-0.073131
0.311305
-0.699585
0.076726
-0.656572
0.083952
0.317080
0.027989
0.466571
-0.519594
0.608093
-0.055278
-0.070040
-0.841598
-0.342732
-0.083565
-0.082418
-0.071945
-0.544535
0.067006
0.184418
-0.450050
-0.095145
-0.276354
-0.034011
0.387520
0.061709
-0.782680
-0.072178
-0.033199
0.546127
0.444753
-0.060835
0.056620
0.150133
-0.307386
-0.363579
0.130918
0.065011
0.256456
0.465859
-0.225884
-0.042056
-0.452473
0.529425
0.402192
0.155228
0.237900
-0.204071
-0.234054
0.022509
0.042137
0.474482
-0.671286
-0.513807
0.342545
-0.028761
0.017434
-0.033322
-0.847142
-0.074685
-0.749385
0.241661
0.215420
0.367344
0.069455
-0.034073
0.653102
0.500819
-1.078118
0.122679
-0.870686
0.127258
-0.574269
-0.651753
0.257105
0.037824
0.061837
-0.449927
-0.203119
0.073955
-0.085754
0.547695
0.558287
-0.339672
0.091554
-0.240500
-0.502797
0.047337
-0.380292
0.187004
0.041819
0.291987
0.365282
0.078646
0.002408
-0.205183
-0.412837
0.003336
-0.708906
-0.609653
0.299382
-0.789231
0.448728
-0.629685
-0.423359
-0.646733
0.302142
0.041889
-0.585685
-0.089506
0.215561
-0.453822
0.052458
0.358269
0.009413
-0.023170
0.034426
-0.056110
0.009427
-1.264889
0.159337
-0.000181
0.060708
0.284574
-0.070464
-0.031638
-0.330091
-0.006308
0.051391
0.233669
0.023194
-0.397574
0.063093
0.254319
-0.360513
-0.125991
-0.232783
-0.866071
-0.915179
0.054270
0.385977
-0.281276
-0.083337
-0.081540
-0.341100
-0.736414
0.062595
0.010506
0.332890
0.065303
-0.364624
-0.001276
-0.390942
-0.040407
-0.430341
-0.553355
0.031555
-0.000687
0.212980
0.527955
-0.093179
0.289367
-0.006932
-0.234605
-0.082576
0.023271
0.540109
-0.388836
-0.759593
-0.079511
0.209730
0.448408
-0.537982
0.007956
0.412991
-0.102342
0.567802
-0.745065
-0.076162
-0.789461
0.321453
-0.570300
0.572925
0.036821
0.056557
0.003485
0.039548
0.055872
-0.664475
0.260774
0.311394
-0.627398
0.050521
-0.071529
-0.480912
-0.040888
-0.327752
0.337378
-0.136563
-0.174503
0.388694
-0.253710
-0.737750
0.084032
-0.027346
-0.664765
0.397674
0.193810
0.198976
-0.749065
-0.327956
0.311508
-0.364107
0.394551
-0.757253
-0.068791
0.280600
-0.328247
0.078656
0.067579
-0.992576
-0.087617
-0.001659
0.038188
0.019730
-0.036226
-0.062340
0.086310
0.008254
0.001494
0.058065
0.073490
-0.043028
0.109437
-0.047281
-0.000831
0.093025
-0.021797
0.037031
-0.027228
0.028092
-0.218316
-0.069352
-0.081828
0.053838
0.060720
0.058782
-0.694203
0.037760
-0.048746
0.072243
-0.097826
-0.003255
0.044794
-0.000678
-0.054856
-0.806675
0.016098
-0.038841
0.000462
0.003196
0.058181
0.121670
0.036303
-0.772272
0.015305
-0.961227
0.010258
-0.004759
0.083438
-0.072394
0.044953
0.108202
0.061901
-0.033953
-0.048214
-0.014930
-0.055470
0.050822
-0.021459
0.025293
0.024415
0.019563
0.028253
-0.041919
0.002238
-0.926142
-0.165822
-0.024664
-0.214393
-0.610886
-0.597536
0.075967
-0.084236
-0.009065
-0.047176
-0.816246
0.048072
0.113897
-0.109596
-0.042653
-0.043906
-0.041641
-0.016096
-0.159142
-0.031396
0.071860
-0.270429
0.113141
-0.088434
-0.402322
0.007784
0.058639
0.023541
0.088610
-0.048217
-0.035675
0.103521
-0.003087
-0.007971
-0.059797
0.036191
-0.077695
-0.102822
-0.059381
0.125856
0.017752
-0.437551
-0.103874
-0.050450
-0.003108
0.044958
0.002197
-0.295159
-0.649537
0.046429
0.059732
-0.082474
-0.157575
-0.909368
-0.792549
-0.225778
0.062522
0.081515
-0.018184
0.005036
-0.069341
-0.098495
-0.892981
0.057598
-0.099893
-0.050583
-0.035357
-0.003812
0.037099
0.050739
0.051976
-0.284434
0.095067
-0.045344
-0.100487
-0.009457
0.103363
0.051652
0.177250
-0.028630
0.042231
-0.073725
-0.028456
-0.110739
0.021273
0.060082
-0.006231
0.048154
0.101324
-0.551396
0.017389
0.060749
-0.060307
0.049789
0.026556
-0.026870
0.083694
0.046283
-1.208066
0.149348
0.064684
0.043861
-0.000216
-0.030000
0.136783
0.160377
-0.888611
0.079033
-1.513446
-0.007949
-0.032339
0.160765
-0.033951
0.068266
0.090593
0.020948
-0.080364
-0.062515
0.015917
0.058660
0.110031
0.048703
-0.139839
0.041113
0.137901
-0.039704
-0.021804
-0.000953
-0.899104
-0.226460
-0.094354
0.051603
-0.867557
-1.179545
0.065053
0.005720
0.162352
-0.119361
-0.806404
0.083920
-0.068673
-0.379246
-0.066783
0.050443
0.127747
-0.084630
0.007936
0.070959
-0.084148
-0.275728
0.079015
-0.146912
-0.946973
0.039313
-0.050461
0.074512
-0.035751
-0.032627
-0.021218
0.140706
0.129246
-0.058284
-0.076579
0.004950
-0.113220
-0.070227
0.050755
0.143731
-0.056118
-0.430294
-0.097894
0.086336
0.036177
-0.070593
0.071863
-0.046128
-0.751972
0.114988
-0.101182
-0.057474
-0.245706
-0.712065
-0.668520
-0.443092
0.066169
-0.014080
0.091413
-0.079686
-0.026344
0.032710
-0.304569
-0.077668
0.104314
-0.353790
0.107460
0.074186
-0.028910
-0.172887
0.002792
0.087116
-0.114168
0.043264
0.029433
-0.013470
-0.278899
0.084140
0.015624
-0.053038
0.053532
-0.025754
-0.056487
-0.028426
-0.013378
-0.021077
-0.008365
-0.025837
0.139228
0.058048
-0.088688
-0.005059
-0.061390
0.027340
-0.053632
-0.050657
0.105143
0.049303
-0.100461
0.058295
0.044741
-0.305524
-0.003563
0.030862
0.043389
0.281311
-0.089829
-0.062317
-0.185220
-0.086698
0.097799
0.296213
0.033915
0.072727
0.251519
0.044393
-0.067834
-0.189566
0.085868
0.054815
-0.001995
0.047305
0.014042
-0.045369
0.267471
0.169488
0.043042
-0.177816
-0.017078
-0.721216
0.014321
-0.524643
-0.090064
0.016479
-0.056755
-0.089195
-0.308793
-0.240967
-0.149340
0.042354
-0.093832
-0.113654
-0.043534
-0.204136
-0.305080
0.116810
-0.393472
-0.016314
-0.035100
0.199363
0.063434
-0.158704
0.027578
0.083549
-0.015772
-0.017739
-0.058950
0.011534
-0.007498
-0.140911
0.194599
-0.033522
0.003483
-0.033641
-0.150841
-0.362268
-0.128946
0.147314
0.120485
-0.198058
-0.216112
0.089983
0.058970
-0.063009
0.061640
0.096272
0.349016
-0.038753
-0.064972
0.103268
-0.711997
-0.410143
-0.654645
-0.102090
-0.244426
0.066089
-0.072798
0.052961
-0.005195
-0.016696
0.412799
-0.082226
-0.008635
0.389598
-0.836758
0.002445
-0.431598
-0.644087
0.035565
-0.450355
-0.549454
-0.231296
0.352521
-0.607289
-0.690669
-0.036716
-0.153913
-0.077452
-0.521078
0.207359
-0.011328
0.167747
0.077956
0.062058
0.016691
-0.016361
-0.360547
-1.227082
0.236910
0.015005
0.030034
-0.353975
0.012390
-0.025364
-0.306760
-0.047218
0.281677
-0.486277
-0.057259
-0.513366
-0.072369
0.294853
0.296385
0.134164
0.298457
-0.538704
-0.792027
0.020026
-0.514159
0.221951
0.070882
-0.062612
0.434883
-0.357939
-0.042373
-0.613701
-0.411111
-0.058757
-0.235172
0.008728
-0.352739
0.013021
0.318117
0.345277
-0.068469
0.176642
0.388347
0.742180
-0.060017
-0.071891
0.290840
0.282883
-0.319390
0.073018
-0.009554
0.049965
0.203061
-0.029361
-0.560675
-0.010583
-0.814019
-0.094420
-0.239838
-0.376564
0.619240
0.408807
-0.002417
0.516825
-0.578559
0.376149
-0.050772
-0.044983
0.021544
-0.020291
-0.664317
-0.066128
0.336068
0.079221
-0.167333
0.267114
-0.070996
-0.035134
0.257666
0.199285
0.644779
0.326281
-0.089725
-0.230236
-0.386973
-0.054870
0.433157
-0.039392
0.022104
0.404962
-0.430227
-0.538657
-0.368411
0.402322
0.297589
0.096823
0.575555
0.173930
-0.169097
-0.054438
-0.359206
0.291485
-0.079747
-1.030072
-0.452320
-0.078393
0.597381
0.695789
0.021738
0.038357
0.244104
0.250206
0.221358
0.349244
-0.449448
-0.570759
0.521411
-0.739818
0.184954
0.037551
-0.685188
-0.058110
-0.342606
0.391272
-0.057188
0.817449
-0.039176
0.049569
0.012646
0.067400
-0.168743
0.027499
-0.627051
0.014222
-0.025975
0.182096
-0.092489
-0.031038
-0.415848
0.023138
-0.003698
-0.493258
-0.075314
0.466169
0.024683
-1.327244
-0.681053
-1.262482
0.153886
-0.927644
0.658792
-0.027006
-0.616575
0.458203
0.034255
-0.001649
0.327446
-1.219517
0.000636
-0.256136
-0.370857
0.030881
-0.227879
-0.052828
-0.703724
0.031598
0.273390
0.171384
0.087175
0.915980
0.898058
0.994182
-0.009992
0.684193
0.239943
-0.191307
-0.473489
0.068284
0.247432
-0.244623
0.402772
0.065071
-0.266671
0.505451
-0.323681
0.253198
-0.474848
0.133104
0.841278
0.010307
0.057834
0.205041
-0.013454
0.788191
-0.493453
-0.003299
-0.004709
-0.013161
0.654789
0.039678
0.450480
-0.259717
-0.674727
0.111104
-0.031900
-0.052161
-0.938318
0.285056
0.565233
0.627593
0.306113
0.267875
0.666988
0.279271
0.199331
0.017466
-0.040518
0.600721
0.632423
-0.298923
0.270400
0.463367
1.110294
0.831556
1.062107
0.820982
0.386412
-0.003030
-0.230425
0.150168
-0.010607
0.060085
1.283260
-0.001819
-0.121889
-0.278484
-0.013137
-0.080715
0.125253
0.154081
-0.087066
0.113910
-0.212572
0.060936
-0.210928
0.121057
-0.043928
-0.080882
-0.083163
0.001997
-0.029759
-0.022462
-0.050233
-0.419012
0.040584
-0.035775
0.076579
0.044043
-0.073909
0.569789
-0.227164
0.047599
0.015458
-0.111363
0.027174
-0.025502
0.146116
0.007887
0.338818
-0.104428
0.023597
0.495878
-0.053526
-0.203898
-0.017697
-0.221093
0.116102
0.038752
0.934568
-0.021228
-0.017755
-0.094807
0.045367
-0.013336
-0.318671
0.307908
-0.061028
-0.044565
0.094344
-0.072263
0.057650
0.038569
0.124007
-0.010775
-0.151080
-0.108390
-0.040740
-0.103041
0.869784
-0.186164
0.012083
-0.154751
0.536310
0.394261
0.109954
-0.063959
0.794944
0.210520
0.575207
-0.038745
-0.000336
-0.201913
0.208315
-0.229704
-0.182374
0.142049
-0.455036
-0.138315
0.074642
0.202341
-0.139639
-0.036585
0.524854
-0.032691
0.019030
-0.035486
0.208469
-0.093172
0.020676
-0.300162
-0.058347
-0.088266
-0.000939
0.081514
0.223326
0.754731
-0.253378
-0.438764
0.141563
0.650812
0.048137
-0.421399
-0.068341
-0.068518
0.072931
-0.282354
0.669889
-0.104654
0.062618
0.075017
-0.118791
0.094816
0.294317
0.079631
0.209418
0.075472
-0.004817
-0.317411
-0.026143
0.042998
-1.037939
0.058761
-0.088311
0.040686
0.034222
-0.049878
0.067745
0.025974
-0.044090
0.096081
0.040634
0.051602
-0.047968
0.114206
-0.019074
0.024835
0.085406
0.078885
0.081185
0.148067
0.026074
-0.360586
0.018326
0.003525
-0.053001
0.086849
0.011585
-0.863114
-0.017554
-0.025637
0.019325
-0.053839
0.004987
0.052727
-0.006468
0.068558
-0.709460
0.075584
0.017434
0.052303
0.000273
-0.122081
0.021009
-0.096380
-0.608610
-0.015267
-1.018369
-0.039871
0.017595
0.019809
0.080262
0.070422
0.038997
0.095013
-0.028502
-0.012725
0.004958
0.005095
0.123770
-0.073167
0.077358
0.072501
0.002938
0.108368
-0.085255
0.050341
-0.722811
-0.100768
-0.043877
-0.244801
-0.844489
-0.964925
-0.005301
-0.030619
-0.132630
0.002152
-0.835243
0.020040
0.115151
-0.036200
0.000918
0.044886
-0.037696
-0.051034
-0.305890
0.107896
-0.042670
-0.242851
0.086525
0.107982
-0.681939
0.017691
0.008592
0.076345
0.035448
-0.076988
0.048455
-0.006588
-0.117458
0.087106
0.068907
-0.040920
0.017868
-0.113521
-0.026011
0.050283
-0.028855
-0.301832
-0.053275
-0.133960
-0.083737
-0.077812
-0.070939
-0.225230
-0.620266
-0.019677
0.016480
-0.079704
-0.129731
-1.102078
-0.505846
-0.235317
0.039469
-0.060881
0.063342
0.002303
-0.084684
0.084787
-0.546727
0.035339
-0.030228
-0.177775
0.061807
0.049303
-0.093806
0.011251
-0.088461
-0.010312
0.035021
-0.052354
-0.007472
0.069632
-0.061855
-0.056886
0.011059
0.057631
0.046536
-0.053820
0.031282
-0.202393
0.077297
0.054580
-0.010360
-0.069121
-0.013604
-0.110954
0.051900
0.002205
-0.000285
0.043186
0.072507
-0.079330
-0.025943
-0.070313
0.090991
0.072831
-0.046863
-0.067370
-0.072319
-0.045805
0.037142
0.058642
-0.169353
0.079076
-0.119141
-0.009839
0.020613
-0.020181
0.042918
0.075779
-0.101991
-0.048763
-0.015545
0.063496
0.082619
-0.033952
0.001306
0.031224
-0.013806
-0.085850
0.006461
-0.011654
-0.007370
-0.082694
-0.181553
-0.121413
0.036685
-0.262502
-0.371717
-0.013853
0.111508
-0.007322
-0.175174
0.063405
-0.402209
0.085620
0.049291
-0.035848
0.070187
-0.004184
0.067811
-0.028737
-0.166324
-0.054561
-0.020866
-0.086492
0.031064
-0.062864
-0.174106
0.057305
0.057326
0.015272
0.041733
-0.044841
-0.014784
0.003839
-0.099667
-0.034751
-0.034023
-0.068261
0.038911
-0.088492
-0.163693
0.079873
0.026094
-0.178881
-0.148760
-0.082988
-0.010042
-0.065366
-0.019169
-0.302029
-0.139540
-0.004147
0.045102
0.005853
-0.232299
-0.026095
-0.300943
-0.323380
-0.022350
0.061341
0.040711
-0.109483
-0.059546
0.123744
-0.748597
0.034766
-0.023162
-0.026724
0.010979
0.074200
-0.035765
0.091559
0.001954
0.025742
0.067359
0.069792
0.012377
0.004532
0.113798
-0.033687
0.165694
0.047821
-0.069747
-0.005461
-0.007795
-0.237924
0.007209
0.073416
-0.009305
0.072462
0.030337
-0.559030
0.085545
0.020427
0.005746
-0.135878
0.002146
0.037514
0.045083
-0.076341
-0.855505
-0.010947
-0.047019
-0.007915
0.087683
-0.023755
0.152090
-0.040975
-0.588397
0.056350
-1.097178
-0.028370
0.067272
-0.057743
0.048923
-0.064821
0.033961
-0.003659
-0.017187
0.085852
0.012462
-0.097864
0.029266
-0.097235
0.068994
-0.087120
-0.004995
-0.059774
0.029444
0.051193
-0.815448
-0.078414
-0.021891
-0.076863
-0.802892
-1.208193
0.063799
0.047978
-0.234717
-0.033095
-1.104548
-0.065414
0.081613
-0.051910
0.123783
0.054825
0.059957
-0.076521
0.034667
0.066364
-0.019455
-0.342437
0.104968
-0.011519
-0.641047
-0.015426
0.068899
-0.085218
0.021034
0.025670
-0.089344
0.002362
-0.078873
0.043685
-0.002661
-0.033845
0.114482
-0.062985
-0.106351
-0.081238
-0.055713
-0.131105
-0.040647
-0.035697
-0.021883
0.005629
-0.067325
-0.047166
-0.715253
0.041657
-0.074928
-0.088326
-0.143144
-0.692736
-0.530444
-0.416820
0.137930
-0.000095
0.005369
-0.081233
-0.047544
0.073277
0.251364
0.009915
-0.129227
-0.065654
0.131121
0.036082
0.035931
-0.039846
-0.218430
-0.079932
-0.159896
0.039968
-0.118613
0.064478
-0.047769
-0.008094
-0.161873
0.033384
-0.100590
0.131354
-0.076941
-0.496395
0.015832
-0.064114
0.026981
-0.033303
-0.005430
0.756457
0.005447
0.027256
0.085868
-0.314487
-0.026457
0.083931
0.061548
-0.000201
0.873309
-0.176310
0.036181
-0.019555
0.065063
-0.070815
-0.154915
-0.169397
0.379155
-0.080542
0.726273
0.024834
0.013124
-0.038287
0.047862
-0.008835
-0.131312
0.077209
0.010876
-0.031287
0.107914
0.053454
0.142001
-0.020428
0.068346
-0.029026
-0.089237
-0.042800
0.023502
-0.292879
0.577335
-0.176665
-0.013840
0.036884
0.478069
0.705225
0.115466
-0.048342
-0.317684
0.143273
0.589181
0.042033
0.085423
-0.197289
-0.021040
-0.212509
0.031183
-0.049556
-0.360848
-0.240718
-0.020687
0.390030
-0.024780
-0.153556
0.633210
0.069337
-0.081605
-0.061181
0.128259
0.086438
-0.066399
-0.043867
0.059655
-0.135001
0.025087
-0.011638
-0.022396
-0.173224
-0.149554
-0.092186
0.110110
0.378361
-0.205285
-0.252328
-0.008990
0.006947
-0.022515
-0.079804
0.658976
-0.056919
-0.009631
0.071507
-0.372432
0.469916
0.388960
0.207501
0.079116
-0.002134
-0.038360
-0.130865
-0.002380
0.358142
1.070073
0.049269
0.032717
0.166639
0.006917
-0.068292
-0.153734
0.164262
-0.329080
0.007035
-0.069625
-0.076032
-0.571319
0.016818
0.127217
0.059712
-0.059877
0.048312
-0.001343
-0.340346
0.018469
0.948207
-0.002527
-0.000602
0.004849
0.082541
-0.239065
0.999981
0.180155
0.058150
0.087216
0.265608
-0.091670
0.075200
0.109426
0.083146
0.900692
-0.148604
0.014537
0.316906
-0.001373
-0.196218
0.008212
-0.423897
1.102299
0.175262
0.832046
0.020489
-0.035628
-0.419553
0.065194
-0.051599
-0.098297
-0.014147
-0.052102
-0.005473
0.122647
-0.009487
-0.034178
-0.000142
0.131920
0.057096
-0.345361
-0.194286
0.080595
-0.508385
0.913531
-0.070738
-0.016673
-0.260917
0.537967
0.462637
-0.034504
-0.069554
-0.841151
0.501620
0.442565
-0.086203
-0.058126
-0.536962
0.086133
0.344431
0.172587
0.188873
-0.118671
-0.414693
0.005143
0.108162
0.014452
0.223285
0.874651
-0.004216
-0.066339
-0.027094
-0.028076
0.071477
-0.115041
-0.324265
-0.029588
-0.302467
0.087271
0.051510
0.139871
-0.400460
-0.677008
-0.670948
0.179283
0.491937
0.392286
-0.413186
0.180172
-0.042562
-0.045504
-0.230466
0.500483
0.015886
0.123110
-0.147811
0.705008
0.855596
1.046572
0.635587
0.147173
-0.038552
0.059204
-0.314335
0.053088
0.157950
-1.013977
-0.089359
-0.001136
-0.053019
0.042158
-0.003762
-0.089979
0.096524
0.037780
0.092244
0.024128
-0.030950
0.040514
0.095220
-0.016348
0.027932
0.106857
0.020872
-0.000352
0.110659
-0.034235
-0.279659
-0.062841
-0.082182
-0.059702
0.028337
0.066438
-1.291690
0.115435
0.030245
0.070409
-0.013473
0.072442
0.079944
0.067988
0.058689
-1.031538
0.121686
-0.021623
0.016011
-0.016117
-0.033746
0.103029
0.007175
-0.760807
-0.027671
-1.132756
-0.066364
0.026706
0.029938
-0.077392
0.060159
0.072705
-0.040488
-0.003310
-0.032265
0.018752
-0.049501
-0.047346
-0.041301
0.097307
0.025308
-0.071781
-0.053741
0.010742
-0.046363
-0.967234
0.034210
0.040134
-0.264974
-1.083685
-1.223093
0.134584
0.037351
-0.090821
-0.057988
-1.166041
-0.071645
0.130642
-0.098580
0.086904
-0.018232
0.075729
-0.008597
0.038841
0.126776
0.031387
-0.181322
0.073218
0.094051
-0.740859
-0.056891
-0.040411
0.061631
-0.065116
-0.076149
-0.063234
-0.006894
-0.026924
0.057269
0.028123
-0.069367
0.086391
-0.086583
-0.121061
-0.023176
-0.043322
-0.428615
-0.010239
-0.069089
-0.064940
-0.075960
0.074379
-0.177245
-0.849993
0.083601
-0.012333
-0.031532
-0.065253
-1.187920
-0.560891
-0.340976
0.183361
0.025845
0.094547
-0.088037
-0.009269
0.063585
-0.811825
0.023640
-0.085162
0.095022
0.055053
-0.073171
-0.051051
0.024041
-0.014664
0.072503
-0.048032
0.088316
0.062338
0.088377
0.024831
-0.023955
0.103295
-0.062930
-0.070509
0.006328
-0.048547
-0.381980
0.059631
0.036082
-0.037561
0.027733
0.057000
-0.811908
0.140834
0.001105
-0.007422
-0.130957
0.007262
-0.013225
0.052933
0.031306
-0.544008
0.057089
0.036879
-0.069424
-0.004092
0.060214
0.193693
0.032006
-0.631253
-0.000025
-1.017732
-0.052174
0.023950
0.052400
0.019080
0.000125
0.055839
0.001095
-0.020589
0.035275
-0.045322
-0.034740
0.097714
-0.090261
0.063915
-0.079655
0.007841
0.007124
-0.045023
0.090246
-1.027673
-0.044249
-0.091947
-0.202892
-0.620302
-0.840740
0.131763
-0.029601
-0.104707
0.010421
-0.991451
0.073576
0.063500
0.040272
0.132045
-0.075815
0.060320
0.018813
-0.019670
0.053346
0.004195
-0.256651
0.127721
0.023944
-0.558238
-0.052238
-0.016879
-0.027114
0.073569
-0.085246
-0.001583
-0.001749
-0.106306
-0.005975
-0.032948
-0.012769
0.246598
-0.104497
-0.120910
0.009786
-0.010799
-0.310581
-0.183687
-0.028474
-0.028692
-0.027857
0.008360
-0.086229
-0.769940
-0.019377
-0.026755
-0.014937
0.037333
-0.784251
-0.665851
-0.412403
0.070591
-0.013827
0.096060
-0.118075
0.012082
0.206298
-0.802081
-0.026400
-0.114651
-0.100848
0.051336
0.054774
0.008329
0.082946
-0.082641
0.012562
0.019571
-0.037935
-0.069842
0.124743
0.063199
0.072724
0.109930
-0.088668
0.009184
0.012134
-0.010186
-0.253866
-0.037182
-0.070973
0.006412
-0.023470
0.029951
-0.460181
0.048727
0.027800
-0.085142
-0.054562
0.011876
0.006282
-0.009637
0.069068
-0.098667
-0.018215
0.080672
-0.007781
0.067762
0.035095
0.047307
0.024875
0.110258
-0.005304
-0.311917
-0.002296
-0.043006
-0.089342
0.043095
-0.036413
0.135741
-0.007267
-0.049294
-0.032955
0.047387
-0.083919
0.120635
0.060530
0.019722
0.082566
-0.001397
0.054543
0.086922
-0.074455
-0.712615
0.006202
-0.087727
-0.091885
-0.391174
-0.254764
0.067350
-0.012902
-0.292611
0.178705
-0.489845
0.004545
0.113497
-0.068292
0.065285
-0.022467
-0.053226
0.083490
-0.279879
-0.024424
0.045738
-0.129973
0.048420
-0.041647
-0.143405
0.073331
0.056497
-0.057783
-0.036782
0.052462
-0.097049
-0.024266
-0.085847
0.079824
-0.062164
-0.078815
-0.000193
-0.097804
-0.201320
-0.131583
-0.025662
-0.006363
-0.087877
-0.242024
0.007741
0.082926
0.076796
-0.338654
-0.288730
0.063996
-0.120928
-0.090926
-0.019192
-0.711163
-0.314151
-0.236435
0.079826
0.023181
0.123301
-0.069511
-0.071572
-0.755968
-0.450001
0.056958
-0.197669
0.641941
0.030590
0.003281
0.126278
0.069405
-0.006542
-0.734517
0.310102
0.124498
0.338352
0.420630
-0.215279
0.057989
0.211345
-0.015509
0.210181
-0.485272
-0.054046
-1.491362
-0.032838
0.012993
-0.035115
-0.025053
0.148753
-0.354943
-0.061066
-0.086346
-0.061282
0.058329
-0.006881
-0.029841
-0.060540
0.055760
-1.203835
-0.201898
-0.009961
0.534499
-0.058064
0.543165
-0.365639
0.324104
-0.347607
0.088096
-0.855654
-0.067246
0.103386
-0.252740
0.084348
-0.049741
-0.635914
-0.023886
0.021537
0.089107
-0.017735
-0.082031
0.131306
0.068077
0.092386
0.079877
0.041403
0.257772
0.043290
-0.698083
-1.019981
-0.936863
0.007589
1.290212
-0.640919
-0.709936
-0.108755
-0.033273
0.919659
-0.876760
0.802870
-0.034371
-0.142992
-1.137958
-0.208179
-0.039986
0.672994
-0.060545
-0.798220
-0.403104
0.005783
-0.194663
-0.594294
-1.152665
-0.323834
0.074555
0.005853
-0.084236
-0.313278
-0.085518
-0.296618
0.314614
0.409759
-0.136507
-0.061424
-0.049055
-0.853112
-0.576185
0.443989
-0.557235
0.078693
0.384948
0.397372
0.370323
0.101775
-0.064769
0.053509
0.985146
-0.525369
0.194749
-0.597554
-0.967846
0.780756
-1.095809
-0.694271
-0.346117
-0.351102
0.064030
-0.207356
0.648513
-0.046876
-0.506035
0.065382
-0.044606
0.263057
-0.633499
-0.148818
0.016199
0.235704
-0.332067
0.021401
0.434020
-0.673930
0.370521
0.142106
-0.065430
-0.422026
0.050449
0.014581
-0.014640
-0.345804
-0.109033
-0.058972
-0.018619
-0.063370
-0.010912
0.041104
0.023722
0.082307
0.530076
-0.272139
-0.076808
0.042915
0.081205
-0.059500
-0.055128
-0.261801
0.042775
0.544056
0.156658
0.074251
0.076686
0.043160
-0.230723
0.071947
-0.056681
0.597755
-0.115911
0.634475
0.069948
0.126773
0.154623
0.082989
0.058490
-0.274953
0.125169
-0.036290
0.089286
-0.347319
-0.046475
-0.237000
-0.046202
-0.250029
0.047716
0.124004
-0.032257
-0.028027
0.059601
0.393973
-0.448315
-0.025480
0.169427
0.516143
0.718080
-0.291100
0.045156
-0.635631
-0.259093
0.636174
-0.045057
-0.197871
0.582339
0.158832
-0.250589
-0.660658
-0.024613
-0.009158
0.110120
-0.014909
0.419630
0.026305
-0.466663
0.699215
0.038685
-0.069883
0.036013
0.012088
0.010792
-0.144098
-0.371922
-0.149245
-0.045767
0.023075
-0.080783
0.204408
-0.561225
0.145740
-0.000739
-0.071136
0.612355
-0.460477
0.352204
-0.397641
0.000875
0.029749
0.381004
0.989194
-0.278234
0.327152
0.443209
-0.801794
0.565501
0.224991
0.358900
-0.293346
0.044448
-0.530737
0.115114
-0.046780
0.180064
-1.090292
-0.004170
-0.032422
-0.110257
0.047920
0.002372
0.014632
-0.029777
-0.014570
-0.002263
0.074110
-0.008993
-0.025323
0.069313
0.007928
0.035147
0.168701
-0.047082
0.042294
0.039222
-0.081364
-0.188441
0.015160
-0.071682
-0.044970
-0.062313
0.058549
-0.823689
0.027626
0.018662
-0.040220
-0.094154
-0.012439
-0.068541
0.016299
-0.013828
-1.232984
0.128318
-0.039005
-0.050986
-0.083200
-0.074924
0.051609
-0.020933
-0.711319
0.048315
-1.095043
0.011200
0.011327
-0.000531
0.079039
-0.036726
-0.001713
0.040913
0.024695
0.071394
0.026943
-0.020277
0.089449
-0.102558
0.075037
0.013123
-0.053518
0.009695
-0.058352
0.011223
-1.003231
-0.085743
-0.071961
-0.259848
-0.647628
-1.010309
0.070675
-0.064148
-0.184049
-0.028876
-1.160582
-0.037709
0.057898
-0.002758
0.104836
0.057109
0.081727
0.043423
-0.002380
0.107018
-0.087901
-0.184251
0.022024
0.124916
-1.058254
-0.042808
-0.070687
-0.074697
0.030978
-0.040097
0.037032
0.027660
-0.002661
0.078101
-0.045771
-0.002658
0.050448
0.048208
-0.158133
-0.095905
-0.007409
-0.341016
-0.139956
-0.022961
-0.102180
-0.014287
0.011584
-0.120560
-0.848381
-0.000990
-0.083723
-0.085334
-0.295451
-0.684770
-0.590185
-0.464851
0.000443
0.065204
0.055945
-0.064851
0.000317
-0.063098
-0.671226
-0.049339
0.120329
-0.121246
0.122250
0.052510
0.166960
-0.046018
-0.128438
-0.005930
0.032347
-0.023869
0.029844
0.158853
0.059963
0.039862
-0.017466
-0.058275
-0.122031
0.216217
0.051204
-0.353751
0.024203
0.017793
0.066870
-0.066576
0.000110
-0.511126
0.049622
-0.073060
-0.073339
-0.306469
0.017777
0.030497
0.021434
0.087344
-0.081328
0.028070
-0.045852
-0.091862
-0.010836
-0.036344
0.051544
-0.035406
-0.558993
-0.052266
-1.011027
0.087893
-0.038894
0.191052
0.058612
-0.038629
0.453871
0.102392
0.054090
0.092354
-0.083141
-0.061666
0.049459
-0.017124
-0.149321
0.047827
0.235533
-0.002785
-0.015089
-0.426627
-0.390339
0.130614
-0.003164
-0.148847
-0.539838
-0.417381
-0.028531
-0.069894
-0.415348
0.286748
-0.605346
-0.032967
0.094577
0.166208
-0.123502
-0.239026
-0.305158
0.090834
0.055152
0.147948
-0.040835
0.331121
0.037116
0.120291
-0.282554
0.000285
-0.056475
0.079786
0.071836
-0.011586
0.126742
-0.037949
0.013683
0.008159
-0.051081
0.036561
-0.172024
-0.228610
-0.039487
-0.155826
0.156598
-0.112106
-0.269567
-0.120809
-0.051445
-0.025751
-0.040996
-0.063068
-0.509376
0.006661
-0.105006
0.080358
-0.538263
-0.468304
-0.503412
-0.256915
0.006362
-0.070125
0.050866
0.043281
-0.058402
-0.191456
-2.066075
-0.017047
0.312108
-0.385486
0.047370
0.049412
0.017829
-0.113548
0.257887
0.031214
-0.039361
-0.121784
-0.142185
-0.034323
0.068275
0.029611
0.164181
-0.013115
0.341514
-0.149389
-0.041724
0.742179
0.075891
0.063198
0.003765
-0.060603
0.085400
-1.814574
-0.433502
0.070084
0.054028
0.455332
-0.085667
-0.023006
0.074953
0.029407
-2.235617
0.152973
-0.071126
-0.040465
0.026553
-0.263173
-0.294163
-0.120345
-0.768728
0.297245
-2.299428
-0.017786
0.227518
0.176018
-0.004208
-0.032862
-0.490779
0.361247
-0.024710
0.231227
0.196312
-0.027113
0.150980
0.020669
0.178285
-0.023559
0.114158
-0.250690
-0.043626
-0.941687
-1.732586
0.080995
-0.012483
-0.641171
-1.908709
-1.959022
0.037527
0.005413
-0.536191
-0.671794
-2.225678
0.031674
-0.085569
0.136638
0.148684
0.423842
-0.712799
0.019701
-0.319401
-0.224576
-0.007968
-0.449335
-0.096952
-0.489430
-0.404919
0.066017
-0.067681
0.029038
0.033163
-0.089452
0.337661
-0.189013
-0.070072
0.034369
0.028484
-0.049891
-1.163655
0.381090
0.049541
-0.082674
0.091738
0.104636
0.163989
0.103101
-0.018041
0.060233
0.021230
-0.610667
-0.052343
0.199575
0.419219
-0.063858
-1.258086
-2.212408
-1.659980
0.654278
-0.160477
0.022735
0.014521
-0.013602
0.070399
-0.111462
0.040333
0.000671
0.012783
-0.048119
-0.019118
0.002924
0.011980
0.002750
0.020876
0.017407
0.044783
0.032521
-0.041641
-0.057668
0.065585
0.116952
0.000883
-0.007609
-0.030749
0.054370
