-0.123962
-0.124830
-0.008966
0.104197
0.015550
0.082756
0.131952
-0.069828
-0.097928
-0.018169
0.055131
0.107698
-0.065500
-0.064951
-0.100539
-0.010825
0.067657
-0.128952
-0.099224
-0.026170
0.009447
0.023909
-0.097930
-0.056581
-0.062724
0.065486
0.114192
-0.075325
-0.122296
-0.079451
-0.004095
0.071398
-0.003745
-0.115028
0.083634
0.068334
-0.040014
-0.026218
-0.130837
-0.025779
-0.047248
-0.051307
0.011463
-0.041610
-0.055525
-0.011651
-0.044122
-0.028437
-0.044821
-0.033483
-0.092971
-0.138487
-0.314346
-0.158990
0.026418
0.209169
-0.047106
0.046215
-0.010743
0.136486
0.160554
0.272676
-0.082487
-0.082406
0.094930
0.105484
-0.091203
0.094989
-0.069357
0.012411
-0.026891
0.130011
0.692057
0.334694
-0.058989
0.078379
0.060932
-0.071538
0.061542
-0.258705
-0.170204
-0.040601
-0.071701
0.077399
0.049675
-0.273625
-0.056064
0.055641
0.312108
0.164949
-0.084902
-0.078152
0.189001
-0.191284
-0.149888
-0.208163
-1.058579
0.172447
0.169271
-0.065389
-0.139463
0.328774
-0.268861
-0.248497
0.324694
0.027174
0.296705
0.088717
0.042987
0.039710
0.423677
0.227493
0.105138
0.461732
-0.187429
0.093923
0.543498
-0.055551
0.083524
0.633940
-0.040095
-0.610695
-0.349666
-0.106026
-0.047883
0.065137
-0.339520
0.178512
0.485519
-0.043344
0.061679
-0.468202
-0.210549
0.007152
0.544293
0.055793
0.092437
-0.545242
-0.257477
-0.297251
-0.041522
0.427254
-0.091217
0.001408
-0.049813
0.464875
-0.000814
0.941612
-0.175070
-0.003804
0.271967
-0.059595
-0.059804
-0.395807
-0.078926
0.221480
0.048587
-0.082594
-0.014535
0.069071
-0.043832
-0.094957
-0.110311
-0.053967
0.087951
-0.034281
0.095714
-0.112673
-0.143505
-0.037249
-0.010610
-0.061064
0.069333
-0.012075
0.000419
0.058114
0.011226
-0.038831
0.014855
-0.106564
-0.052146
-0.106121
-0.074680
0.053416
-0.065396
0.124195
0.093293
-0.072755
-0.066624
-0.002945
-0.127081
-0.079545
-0.023544
0.094511
0.128852
-0.075112
0.124266
0.100161
-0.089249
0.043867
0.113041
-0.022849
0.065843
0.042516
0.017811
-0.056146
0.111144
-0.090620
-0.125947
-0.088708
0.094407
0.156605
0.037499
0.063243
-0.055697
-0.409174
0.129724
0.164823
-0.041255
0.102902
-0.154584
0.085872
-0.052792
-0.199105
0.072384
-0.038121
-0.197082
0.003995
0.179770
-0.140771
0.025257
0.031570
0.063414
0.122367
0.128670
-0.039945
-0.151953
-0.021823
-0.063923
0.105250
-0.078628
-0.006822
0.038293
0.115978
-0.007714
0.178304
0.212038
-0.026482
-0.136024
0.016908
0.154436
-0.306066
1.032745
-0.151273
0.122583
0.181360
0.040977
-0.238612
-0.093262
0.584900
-0.150367
-0.270815
0.122844
-0.143523
0.054513
-0.234445
0.047562
0.177863
-0.053327
-0.206230
-0.217615
0.065661
-0.029399
-0.063015
-0.034784
-0.001777
0.050714
0.098722
0.221118
-0.189497
-0.524768
0.096411
-0.020766
0.109173
0.295409
-0.022704
0.070991
0.114500
-0.268596
0.067069
0.296371
0.171486
0.003938
0.154042
-0.089591
-0.043865
0.001179
0.046802
-0.093221
-0.158869
0.011949
-0.489989
-0.159516
0.284095
0.952428
0.332300
-0.090455
0.084966
-0.067324
0.326208
0.099808
-0.656066
0.756049
0.189819
-0.045345
-0.116777
-0.017949
-0.024665
0.113868
0.225615
0.065482
-0.335015
0.044209
-0.093629
-0.140011
-0.104080
-0.022344
0.020190
0.068981
-0.023939
-0.011711
-0.112094
-0.036055
0.165320
0.029829
-0.024737
0.089531
0.030520
0.105679
0.087774
0.104939
-0.019976
-0.001491
0.044855
-0.079873
0.261874
-0.030503
-0.114897
0.119858
-0.004474
0.273869
0.043449
-0.059772
-0.220709
0.012395
-0.488307
-0.057812
0.002477
-0.191062
-0.019249
0.027559
0.075684
-0.154813
0.305813
-0.017638
-0.137608
0.010799
0.050278
0.102352
-0.066447
-0.098673
-0.046217
-0.076723
0.121816
-0.001587
-0.132814
-0.066916
0.128718
-0.089714
0.080602
-0.114029
0.008695
0.040191
0.013968
0.058013
-0.131162
0.069148
-0.096006
0.118535
0.090534
-0.011805
0.061328
0.096522
0.002104
0.008876
-0.044835
0.061638
-0.131350
-0.052992
0.000440
-0.014447
-0.035239
-0.046106
-0.066883
-0.135170
-0.071389
0.036619
-0.106187
-0.111140
-0.073078
0.117165
-0.072697
-0.030116
-0.076781
0.043639
0.092447
-0.174109
0.030787
0.033153
0.125439
0.008621
-0.132361
-0.166006
0.103445
0.075210
-0.196709
-0.122799
0.064596
-0.118169
0.070022
0.175256
-0.171927
0.117684
0.046217
-0.022339
-0.079502
-0.194418
-0.198249
0.085478
-0.233862
-0.118732
0.154483
0.035375
0.318839
0.269166
-0.089781
-0.293351
0.042792
-0.013769
0.224589
0.002168
-0.083675
-0.143980
0.116814
0.361877
0.115072
-0.301960
0.241170
-0.028691
-0.556292
0.567843
-0.178247
-0.218959
-0.000585
0.178606
-0.149498
0.003485
0.059926
0.534467
-0.160034
0.261201
-0.215478
0.039063
-0.088019
-0.173926
0.281169
-0.043860
-0.517875
-0.015419
0.079819
0.041461
0.138052
-0.077561
-0.157951
0.111416
0.030650
0.101829
0.169364
-0.026525
0.196680
-0.040522
-0.215898
0.071839
0.134164
0.073998
0.222387
0.045652
-0.278983
-0.114880
0.067949
-0.147561
0.239835
-0.139494
-0.090259
-0.038464
0.010593
-0.072109
-0.021213
0.348603
-0.531721
0.061039
-0.447751
0.382563
0.034862
-0.402698
0.008797
0.060698
0.404620
0.075781
-1.048215
-0.341798
0.223029
-0.086793
0.289048
0.158182
0.229988
0.043543
-0.205074
0.030665
0.314148
0.106937
0.084177
0.125757
-0.110364
-0.065511
0.118524
-0.058414
-0.127193
-0.093446
0.105771
-0.019053
0.040842
-0.108370
-0.050815
-0.004477
0.066269
-0.029344
-0.045957
0.001382
0.184578
-0.073231
0.022732
0.144593
-0.135505
0.091028
-0.068074
-0.010904
-0.034761
-0.239672
0.138928
-0.196717
0.505265
0.136741
-0.268876
0.840238
0.205523
0.350068
-0.028107
-0.039751
-0.381528
0.176350
0.373367
0.519838
-0.091765
0.012266
-0.079059
-0.145839
-0.025881
-0.059754
0.094318
0.127765
-0.454526
0.146270
-0.089118
0.004380
0.075369
-0.041153
-0.204571
0.042989
0.056434
-0.078352
0.102265
0.774170
-0.162971
0.219648
-0.311377
-0.311143
-0.047680
0.017190
0.067187
0.200063
-0.178338
-0.102194
0.028567
-0.133623
0.160897
0.184623
-0.071014
0.007563
-0.101120
0.167556
-0.146260
-0.031700
0.124244
0.142352
0.061817
0.634517
-0.092570
-0.335840
0.051628
-0.141130
0.006964
-0.611131
0.479749
-0.374716
0.144375
0.211685
0.369715
0.148977
0.282091
0.172998
0.308952
0.059717
0.488487
-0.256101
0.040864
0.068558
0.110883
-0.003073
0.161447
-0.066083
-0.129844
0.042387
0.276053
-0.443255
0.449082
0.056110
0.280574
0.323360
0.047476
-0.011239
-0.329913
0.038906
0.366261
0.310172
0.051914
-0.071992
-0.138975
-0.187991
-0.136186
0.222695
0.070276
-0.212059
-0.003645
-0.067814
-0.187222
0.044504
-0.747714
-0.595706
0.173554
0.484242
0.008296
0.061515
-0.046208
0.344642
-0.626310
0.614061
-0.221105
-0.201921
0.069797
0.103629
0.128139
0.176755
0.195092
-0.075639
-0.281609
-0.097630
0.039324
0.197996
0.069770
0.077078
0.033986
0.003808
0.137364
0.195656
0.112600
-0.059570
-0.156851
0.108890
-0.284992
-0.202042
0.037350
-0.046934
0.323112
0.186996
-0.145172
-0.099555
0.091846
0.044182
0.191480
-0.032603
0.061613
-0.203648
0.014024
0.020705
-0.071530
-0.020909
0.398716
0.278911
0.437185
-0.833607
-0.033781
-0.374475
-0.094463
0.051276
0.008886
-0.193966
0.375221
0.143302
-0.023373
-0.153653
-0.039757
0.037490
-0.059170
0.145191
0.085596
-0.042679
-0.081719
-0.154537
0.029732
0.224298
0.062197
0.006159
0.217189
0.026205
0.141645
0.212034
-0.169287
-0.338057
-0.212121
-0.088936
-0.110192
0.223119
-0.080840
0.089090
0.273632
0.073912
-0.006682
0.054444
-0.205974
0.092390
0.264708
-0.147581
-0.256991
-0.051677
-0.057050
0.029372
0.128341
0.091745
0.191787
0.047300
0.628736
1.061647
0.024318
-0.197312
-0.003961
-0.069537
0.015849
-0.056700
0.442954
0.374441
-0.025762
0.136482
0.098930
0.110152
0.186741
0.075247
0.232860
-0.012822
-0.345496
-0.145177
0.004971
-0.031391
-0.082573
0.133170
0.121019
0.052502
0.012464
0.312317
0.079670
-0.514434
-0.050440
0.132841
-0.018465
-0.029232
0.122140
0.038057
0.242161
0.242910
-0.231202
0.144904
-0.022444
-0.096802
0.117219
-0.027332
-0.080606
0.127693
0.166411
0.046872
0.062475
0.014748
0.067028
0.216274
-0.297643
-1.092783
-0.029292
-0.229157
0.139570
0.025042
0.209868
0.092649
-0.207245
0.244860
0.137906
0.254858
-0.151786
0.140468
0.162700
-0.038712
0.064241
0.186670
0.185219
0.109943
-0.022441
-0.162467
0.000166
-0.135073
0.094232
0.110511
-0.163540
-0.159301
0.008408
0.259445
0.184584
0.157797
0.130948
0.176781
0.026481
-0.072738
-0.235826
0.006969
0.030686
-0.013630
-0.148694
-0.042666
-0.188811
-0.134553
-0.001259
0.042244
-0.065036
-0.004389
-0.201702
0.054228
-0.279324
0.062557
-0.570702
0.346786
0.071340
0.219169
-0.132263
0.009818
0.191746
0.205695
-1.161950
-0.111901
-0.057033
-0.075857
-0.094846
0.016784
0.063040
-0.097411
0.076860
-0.011691
-0.082993
0.104563
-0.081611
-0.044934
0.023467
0.108057
-0.119582
-0.068498
0.000318
0.097091
0.069218
-0.014189
-0.131435
-0.055684
-0.129163
0.026476
0.103488
-0.080748
0.052486
0.044884
-0.132307
-0.126319
0.102550
0.136243
-0.102718
-0.119748
-0.020147
-0.077327
-0.110667
0.015281
0.095898
0.101099
-0.089058
0.018128
0.016560
-0.099155
-0.123133
-0.048394
-0.053827
-0.011321
-0.129240
0.004228
-0.040577
-0.488575
-0.024708
0.053653
0.319100
0.194767
0.264503
0.336214
-0.216598
-0.018374
-0.279763
-0.127551
0.176104
0.411728
0.107015
0.121214
0.315856
-0.117906
-0.081259
0.176132
0.301799
-0.163387
0.090257
-0.014850
-0.108040
0.098361
-0.033107
0.015667
0.040829
0.208091
-0.230048
0.152722
0.098643
-0.144825
0.265859
-0.163559
0.033228
-0.039764
0.027240
0.008135
0.118763
0.079002
0.295252
0.066634
-0.461445
-0.770507
0.160790
-0.062805
0.014418
-0.074402
-0.068559
0.224756
0.197874
-0.119120
-0.148778
0.106132
-0.146322
-0.003232
0.007580
0.123178
-0.105230
0.031339
-0.036895
0.072264
0.084584
0.026691
0.082450
-0.067488
-0.118500
0.038074
0.120371
0.041974
-0.075746
-0.148946
0.091520
0.069577
-0.042767
0.031475
0.055909
-0.116720
0.032803
-0.103885
-0.090872
0.054744
-0.000027
0.075027
0.016365
-0.146795
0.000353
0.101995
-0.093610
0.049857
-0.063256
-0.103999
0.080789
-0.137413
-0.147954
0.107480
-0.005954
0.016014
-0.108504
0.030707
-0.076361
0.109342
-0.138505
0.431517
0.253814
0.242244
-0.047452
0.027650
0.178843
-0.060543
-0.397618
0.090682
0.145753
0.144004
0.107917
0.260810
-0.037217
0.143540
0.165986
-0.027710
-0.078209
-0.243390
0.307954
-0.404038
0.474403
0.189021
-0.032728
0.021396
-0.054081
0.054781
-0.134048
-0.047664
0.032943
0.192317
-0.077883
-0.177172
-0.084982
0.067091
0.209829
0.169449
-0.148213
-0.218552
0.197782
0.020090
-0.028127
-0.071911
-0.248190
-0.576525
0.313251
0.255008
-0.063141
0.119679
-0.267025
0.111870
-0.151727
0.081543
0.159453
-0.198739
-0.231667
0.064742
-0.074192
0.108709
0.305765
0.201863
-0.320851
-0.083476
-0.164008
-0.130296
-0.116040
0.032334
0.140442
0.121743
0.149177
0.219688
-0.067539
0.586919
-0.123957
-0.203350
0.042631
-0.012523
0.173810
-0.081857
0.216093
-0.151311
-0.224524
-0.030166
-0.230806
0.012714
0.286245
-0.205159
-0.217031
0.098777
-0.188736
0.132400
-0.001734
-0.169614
-0.303816
-0.183267
0.357631
0.800563
-0.118300
-0.229764
0.016845
0.008428
0.065831
-0.215298
-0.228232
0.026408
0.019475
-0.031289
0.005104
0.085487
-0.045109
0.044349
-0.135574
-0.009431
-0.059959
-0.083290
-0.135461
0.033891
-0.049566
-0.014516
-0.067583
-0.044293
-0.108540
-0.018669
-0.057328
-0.026718
-0.010876
0.068683
-0.008902
0.113007
-0.111682
-0.100240
-0.081993
-0.082832
0.065403
-0.038769
-0.127478
-0.108527
-0.121066
0.064123
-0.035445
0.042363
-0.074174
-0.035483
0.098046
0.063728
-0.001280
0.082050
-0.032215
0.130762
0.082588
-0.111996
0.067671
0.136856
-0.113363
0.000131
0.103790
0.019817
0.237493
0.254206
0.074024
0.114477
0.116295
-0.261169
-0.280614
0.231710
0.318323
0.258449
-0.076413
-0.047861
-0.083388
0.120988
-0.323351
-0.093956
-0.319112
-0.724494
-0.048974
0.585675
0.157694
0.004973
0.021598
0.208895
0.027147
-0.200272
-0.183777
-0.107647
0.060944
0.008404
0.014288
-0.205002
-0.230850
0.393917
0.291431
-0.027217
-0.146157
-0.155615
-0.068493
0.043053
0.017238
-0.116158
0.160952
1.030289
0.068479
0.349562
-0.097203
-0.058905
-0.596723
-0.014919
-0.078827
-0.122907
-0.134198
-0.143373
0.099441
0.102412
-0.026576
-0.128006
0.103483
-0.121149
-0.084282
0.016642
-0.073983
-0.000309
0.074322
0.004034
-0.066511
-0.132903
0.050579
-0.108059
-0.130090
-0.123333
0.018080
-0.079911
0.097960
0.086237
-0.026247
0.016232
0.123679
0.087559
-0.089490
0.055309
-0.060389
0.100092
-0.041087
0.104844
0.037732
0.049172
-0.078326
0.116686
0.012624
-0.135610
0.101603
0.110153
-0.121696
-0.111707
-0.072767
-0.120258
-0.125126
-0.019719
-0.134436
-0.044577
0.125883
-0.130080
-0.024205
0.120490
0.101877
-0.131183
-0.026814
0.112357
-0.005311
-0.026327
0.129693
0.081506
-0.093759
0.108052
-0.095894
-0.133491
0.129817
-0.008954
0.031812
-0.107971
0.059673
-0.115560
-0.068058
-0.047346
0.079412
0.054793
-0.069962
0.013189
-0.028825
-0.087883
-0.097848
-0.044109
0.126398
0.001544
-0.046683
0.058427
-0.083531
-0.038479
0.093889
-0.003119
-0.042276
0.053191
-0.064738
0.070922
-0.126945
-0.114741
-0.121304
0.041910
0.013072
-0.118296
0.100233
-0.089308
-0.057077
0.048082
0.067220
-0.024137
0.028287
0.110397
0.004025
-0.066401
-0.062247
-0.008739
0.004835
-0.108186
0.115891
-0.088786
-0.130670
-0.025934
-0.103249
0.029269
0.137018
-0.040300
-0.080074
-0.088215
0.020803
-0.118469
-0.042649
0.026262
-0.064605
-0.117537
0.040890
0.020614
0.015455
0.001981
0.043417
-0.027132
0.134497
-0.022503
-0.112230
-0.128034
-0.033015
-0.117546
0.010852
-0.064513
0.128584
-0.124230
0.068879
0.062364
-0.103921
-0.044937
-0.077316
0.086789
-0.007329
0.112445
-0.102075
-0.109111
-0.136881
-0.138121
-0.064436
0.087471
-0.117421
-0.025381
0.135574
0.098072
-0.094002
0.096251
-0.011850
-0.096791
-0.102836
0.005067
0.015522
0.111178
0.119610
0.051634
-0.094120
-0.089442
0.052620
-0.051364
-0.065862
-0.036666
0.048725
-0.133972
0.106009
-0.099753
0.059949
0.032907
-0.028472
0.047641
-0.059765
-0.004196
0.054917
-0.048939
-0.056251
0.027077
-0.021609
-0.082052
0.031673
0.069917
-0.022372
0.097585
0.007105
-0.138142
-0.095850
-0.136090
-0.081904
0.074247
0.136779
-0.142105
0.241605
-0.144495
0.088103
0.085481
0.273206
0.109847
0.031031
0.057474
0.323890
-0.102109
0.085169
0.086119
0.016755
0.058198
0.247742
0.002744
-0.009974
-0.088617
0.310686
-0.283438
-0.097236
0.249020
0.051962
-0.092002
0.043792
0.022470
0.151062
0.177071
0.093641
0.001055
-0.121735
0.047415
0.169434
-0.101373
-0.120407
-0.139323
-0.206059
-0.019792
0.259174
-0.109432
0.218220
0.126028
-0.355861
-0.261067
-0.015143
0.142031
-0.061802
0.113957
-0.193563
0.112703
0.684016
-0.321040
0.270028
0.623647
-0.050033
0.096330
-0.020483
0.569577
0.583821
0.017021
-0.427146
-0.367311
0.063454
0.521194
-0.036097
0.114070
0.427435
0.005963
-0.560263
-0.627863
0.394738
0.060067
-0.090490
0.276235
-0.449038
0.537410
0.040855
-0.099227
-0.007837
0.185482
-0.604214
0.650390
-0.233078
-0.265006
-0.043628
-0.237666
-0.164460
-0.110195
-0.213410
0.066912
-0.028712
0.156395
0.368088
0.263533
-0.521353
-0.191128
0.182503
-0.453873
0.056416
0.092877
-0.735678
0.078508
0.496682
-0.077818
-0.283117
0.044848
0.113810
0.052827
-0.088136
0.169264
0.348154
0.027077
0.078246
-0.272921
0.057928
0.186779
-0.007680
-0.047596
0.242741
-0.100673
0.180544
0.238909
-0.135348
0.119496
0.039250
-0.159112
0.152639
0.265166
-0.072477
0.041379
-0.111918
-0.222466
0.011525
0.040692
0.048504
-0.028643
-0.118296
-0.220382
-0.063979
0.050419
0.081602
0.016937
-0.066640
0.252678
-0.132017
-0.138289
0.536310
-0.866558
0.085206
0.029823
-0.070593
-0.045445
0.447624
-0.005440
-0.438493
-0.105845
0.022991
-0.089650
-0.096481
0.036411
0.112126
0.034290
-0.148160
0.009654
0.034726
-0.024696
-0.139590
0.033414
-0.075900
0.016349
0.092492
-0.012832
-0.031967
0.093032
-0.078570
-0.028230
-0.007308
-0.132575
-0.084697
0.040776
-0.008258
0.060784
-0.013701
-0.061016
-0.010519
-0.116411
-0.100769
-0.090346
-0.050535
0.084224
-0.136258
-0.017752
0.087970
-0.115297
0.025015
0.023508
0.025125
0.094342
-0.096259
0.047351
-0.131466
-0.123446
0.036504
0.019482
0.042931
0.083950
0.064360
-0.002213
0.019403
0.120813
0.013381
-0.079570
-0.067070
0.045159
-0.099861
-0.116823
-0.072159
0.096234
0.052112
-0.102721
0.129107
-0.121668
-0.083425
0.026571
0.056839
0.118066
-0.015592
0.046328
-0.051957
-0.070161
-0.059204
-0.069143
-0.078805
0.037437
0.007179
0.043743
0.033712
-0.102782
-0.057019
-0.117737
-0.064086
-0.064209
-0.111497
-0.010335
0.127606
-0.009135
-0.115498
-0.082356
0.039390
-0.007668
0.054301
-0.032191
-0.076389
0.053677
-0.034964
-0.120994
0.045130
0.024261
0.114164
-0.260846
0.190890
0.204974
0.150495
-0.003668
-0.015927
-0.172498
-0.447910
-0.097270
0.364908
0.312052
-0.082916
0.147073
-0.038909
0.131309
-0.180922
-0.194816
-0.382284
-0.468550
0.191937
-0.114389
0.108317
0.218475
0.006309
-0.068886
-0.151879
0.032108
-0.114757
0.072764
0.216130
-0.046165
0.057904
0.112201
-0.100800
0.248067
0.065833
-0.080272
-0.027287
-0.091353
0.021355
0.199723
0.397064
0.200143
-0.384163
0.593211
0.248930
0.175148
-0.111989
-0.042145
-0.569484
0.101544
0.298191
-0.141903
0.023106
0.114886
-0.099863
0.082475
0.014410
-0.104960
0.071235
-0.034553
-0.109753
-0.083208
0.110243
-0.076005
0.055070
-0.075964
0.108457
0.072618
-0.138126
0.058655
-0.088378
-0.018617
-0.023609
0.090640
0.058640
-0.024803
0.024372
-0.090358
-0.011019
-0.040347
-0.066660
-0.049009
0.003071
0.064573
0.066199
-0.024522
-0.011075
0.092420
-0.105982
-0.046183
0.100847
-0.013140
0.127792
-0.098757
-0.068058
0.131752
-0.101676
-0.127061
-0.085113
-0.118258
-0.139214
-0.049780
-0.021487
0.027943
-0.115615
0.014160
0.046315
-0.004678
-0.009421
-0.060103
-0.088539
-0.080852
-0.017560
0.101185
0.095872
-0.071763
-0.017212
0.134548
0.138147
0.106888
-0.104637
0.011423
0.006179
-0.073632
-0.131643
-0.133606
-0.005167
-0.101862
0.103158
-0.001542
-0.022273
0.024068
-0.098950
0.074341
-0.117102
-0.120277
0.088913
-0.033669
-0.101683
-0.008102
0.130711
-0.033527
-0.050940
-0.133405
0.011707
-0.037276
-0.106633
-0.108416
-0.127544
0.053258
0.092348
0.047238
0.062975
0.026087
-0.123968
0.360882
-0.051975
0.057361
-0.142725
0.134453
-0.102860
-0.063857
-0.057101
-0.016357
-0.270765
-0.006507
-0.100722
-0.154057
0.074582
0.013162
-0.064894
0.105096
0.037070
0.111545
0.126775
0.210250
0.412927
0.194543
-0.134698
0.015919
0.038638
0.028544
0.093547
0.189562
-0.124423
0.053896
0.016706
-0.031648
0.207658
0.010695
0.119993
-0.210719
-0.223761
0.016031
-0.182988
0.257031
-0.287944
0.071220
-0.039253
-0.974718
-0.013109
-0.368409
-0.160471
-0.065683
0.168414
0.125551
0.173502
-0.083227
-0.097499
0.064833
0.067688
-0.094562
-0.022740
-0.110244
0.098070
-0.119695
0.117528
-0.089138
0.067133
0.054808
-0.069214
0.051769
-0.002956
0.008386
0.070630
0.065449
-0.017318
-0.029656
-0.059438
0.000762
0.049304
-0.055297
0.072897
-0.000364
-0.064401
-0.057975
-0.038504
-0.021119
-0.110480
-0.108733
-0.119071
0.130199
0.026108
-0.034630
0.137067
-0.132886
0.026861
-0.099351
-0.059854
-0.098423
0.073614
0.031500
0.002064
-0.016392
0.058629
-0.081800
-0.062784
-0.117512
0.021638
0.892926
-0.331371
-0.555038
-0.471890
-0.041307
-0.268778
-0.349837
0.069088
0.122943
-0.011478
0.011306
0.039695
-0.446923
-0.028360
0.020680
-0.249785
-0.074752
0.541729
0.723200
-0.520359
0.243410
-0.221828
-0.219110
0.288302
-0.263689
0.103465
0.319836
0.088049
-0.336964
0.303565
-0.424756
0.198426
0.249485
-0.088058
0.106435
-0.038460
0.093603
0.400700
0.130286
-0.023581
-0.139355
-0.292133
-0.139495
1.106750
-0.166670
-0.224134
-0.026816
0.028401
0.024207
0.860276
-0.116285
0.052398
-0.404891
0.186696
-0.027807
0.248754
0.020163
0.328056
0.095798
-0.059334
0.179694
0.460246
-0.107803
0.057631
0.292733
0.063711
0.022673
0.290180
-0.132136
0.029821
-0.116017
0.303297
0.339820
-0.163708
0.162036
0.075061
0.085580
-0.111335
0.001487
-0.222967
0.109024
0.103880
0.037163
0.018418
-0.151028
-0.108604
0.019612
-0.015747
0.093954
-0.161283
0.033366
0.203471
0.032447
0.535568
0.076052
-0.739540
-0.626794
0.011425
0.118143
-0.039533
-0.003651
-0.286064
0.039532
0.465029
-0.030341
-0.063125
0.021209
-0.012388
-0.074836
-0.106607
-0.044260
-0.101374
-0.101191
0.006504
-0.068433
0.010825
-0.106752
-0.097503
0.123346
-0.002998
0.097724
-0.070091
-0.012190
-0.128809
-0.013127
-0.052269
0.076587
-0.087665
-0.134232
-0.077521
0.005272
-0.129577
0.037505
0.090490
-0.049127
-0.018284
0.132128
-0.092190
-0.111079
0.073167
-0.042295
0.080251
0.014475
-0.024537
-0.034690
-0.011488
-0.054325
-0.008151
0.116012
0.030025
-0.033967
-0.082775
0.102194
-0.047422
0.081605
-0.047677
-0.320104
-0.170989
0.083865
0.057944
0.015562
0.031463
-0.165811
0.083118
-0.071757
-0.257538
0.226401
0.118695
-0.227470
0.005595
0.151852
-0.406817
-0.143826
0.041484
0.026467
-0.013133
-0.623134
0.083138
0.097465
-0.010138
-0.187483
-0.041507
0.036477
0.165487
0.053256
-0.054720
-0.316586
0.275655
0.225564
0.133367
0.176483
0.186246
0.063063
0.303123
0.066554
-0.118207
-0.025792
-0.112323
0.143682
-0.765570
0.795328
-0.011685
-0.236214
-0.019447
0.007809
0.102333
0.204931
-0.812556
0.034757
-0.034483
-0.060414
-0.046400
0.088970
0.130125
-0.100244
-0.047308
-0.034741
-0.022014
-0.046194
-0.065938
0.049747
0.077717
0.037650
-0.001298
0.060668
-0.013728
-0.025201
-0.028577
-0.083171
-0.132324
0.034886
-0.059547
0.077309
-0.136054
-0.048879
-0.072576
-0.074472
-0.111740
0.010776
0.033533
-0.097953
0.007933
-0.038694
0.053780
-0.122563
0.081372
-0.005344
0.134196
-0.053503
0.082839
0.125386
0.123564
0.085089
0.053727
-0.072675
-0.133163
-0.120139
0.132814
0.012620
-0.088978
0.224905
0.001630
-0.041047
0.060862
0.042125
0.192464
0.180209
0.131051
-0.220998
0.262349
-0.083299
0.058020
0.069749
-0.037695
-0.040681
0.438434
-0.022161
0.145494
0.144353
-0.074712
-0.555256
-0.017992
-0.126725
0.139873
0.146719
-0.076246
-0.088317
0.059290
-0.134267
0.189182
0.287506
0.124366
-0.054626
-0.007720
-0.139898
-0.086380
-0.001934
0.162053
-0.164980
-0.025611
0.068879
0.167831
0.029968
0.773112
-1.168108
0.228554
0.045327
0.095858
0.038192
0.326351
0.232494
0.365787
-0.396122
-0.194655
-0.064894
0.029192
-0.072329
0.192816
0.187340
0.150009
-0.009128
-0.205216
-0.080992
-0.005323
0.115287
-0.149630
0.079179
0.243745
-0.023703
0.250968
0.251206
0.088618
0.466341
-0.175795
0.036403
-0.061907
0.180215
-0.113406
-0.043534
0.080483
-0.073026
-0.115631
0.032783
0.046707
-0.137293
-0.037911
-0.145387
-0.194635
0.013394
0.014102
-0.108070
0.018093
0.057041
0.110368
0.104608
0.313242
-0.727683
-0.024855
-0.299911
0.091091
-0.112058
0.281251
0.078211
0.300644
0.452835
0.103102
-0.141265
0.202813
0.106585
0.181733
0.433066
0.134077
-0.115824
0.176607
-0.134581
-0.112607
0.420074
0.067715
0.114225
0.482419
0.168634
0.190803
0.257029
0.145299
-0.325526
0.080713
-0.072159
-0.179744
0.131532
-0.188523
-0.099135
0.023180
-0.075338
-0.052633
0.173062
-0.013919
0.033876
0.088800
-0.142287
-0.035488
-0.129730
-0.256770
-0.066962
0.303832
0.092147
0.618488
0.044704
0.801106
-1.174217
-0.008218
-0.163020
-0.088638
0.109327
0.004277
0.371461
1.422728
-0.362206
-0.073911
-0.120751
0.150849
-0.054555
0.113668
0.304370
-0.205495
0.002235
-0.387521
-0.217851
-0.033329
0.491437
-0.009379
-0.021246
0.343599
-0.013249
0.300966
0.771311
-0.031809
-0.079426
-0.049568
0.095965
-0.134665
0.065285
-0.143798
0.062661
-0.154269
0.024992
-0.181368
-0.080400
-0.093662
-0.056122
-0.055535
-0.433899
-0.446516
0.104990
0.381196
0.139634
0.008138
-0.233590
0.147074
-0.025490
0.155835
0.531888
0.006382
-0.319545
-0.006112
-0.022878
0.910542
-0.074923
0.396360
0.667410
-0.002660
0.067280
-0.053345
-0.056158
0.152256
0.105642
-0.332330
0.099979
-0.518870
0.110114
0.092814
0.039955
0.003237
0.089435
-0.018849
0.116566
0.067259
-0.057454
0.215759
-0.080708
0.163314
0.176162
-0.269052
0.203272
-0.071125
-0.159960
0.044024
0.229741
-0.337554
0.148709
0.070023
-0.219111
0.133446
0.166525
0.189667
0.024302
-0.056503
0.165987
-0.054362
0.206874
0.154605
0.103090
0.083441
-1.159698
0.236053
-0.372614
0.086157
0.003148
-0.089429
0.261932
-0.375226
-1.193454
0.033129
0.141459
0.430631
-0.058639
0.120882
0.057349
-0.132694
0.001467
-0.005383
-0.028930
-0.092195
0.146961
-0.144928
0.056256
-0.118265
0.100338
0.541334
0.526776
0.341941
-0.036079
0.058869
0.361234
-0.329553
-0.312690
-0.251458
-0.234789
0.040836
0.478423
-0.135867
-0.342460
-0.005745
-0.490069
-0.106517
0.155862
0.228144
0.013900
-0.823626
-0.294708
-0.263947
0.289719
0.096445
0.082702
-1.120618
0.995040
0.256240
-0.204764
-0.047025
-0.080118
0.501821
-0.175857
0.034856
0.068774
-0.092708
0.111840
0.052780
-0.116545
-0.047438
0.091374
-0.110759
0.092329
0.018769
0.114875
-0.028056
0.126494
-0.040261
0.122174
-0.112196
-0.076380
-0.096453
-0.137297
-0.015907
-0.063390
0.096398
-0.089676
-0.117359
-0.121428
0.086234
0.036348
0.076702
-0.043931
-0.111518
0.031970
-0.079498
0.031765
-0.052860
0.124193
-0.119235
-0.058945
-0.004704
-0.000914
-0.097864
0.126608
-0.051405
-0.042965
0.038824
0.127079
-0.114433
-0.138467
0.039665
-0.109708
-0.132175
-0.083538
0.090384
-0.284623
0.177592
-0.000722
0.187862
-0.055647
0.193536
-0.110132
-0.265063
0.079514
0.643379
0.135009
0.244196
0.200522
-0.006499
-0.062614
-0.014693
0.129835
-0.069623
-0.177036
0.260439
-0.171898
-0.029490
0.170706
0.162392
-0.131477
0.003912
0.078575
-0.203234
0.117648
0.224146
0.025795
0.139077
0.026125
-0.049406
0.076338
0.066853
0.011313
0.209883
0.062647
-0.024679
-0.096156
0.597349
0.036220
-0.620635
-0.881515
0.058868
0.330761
0.152982
0.081003
-0.277269
-0.025845
0.658603
-0.361606
0.269475
-0.051220
0.180746
0.093932
0.029408
-0.061600
-0.160450
0.043249
-0.205400
-0.047752
0.065631
0.098270
0.004999
0.043358
-0.010352
0.133579
0.119471
0.164674
-0.180367
0.329224
-0.095649
0.036033
-0.030016
0.085698
-0.019154
-0.108591
0.061992
0.010625
0.072863
0.177796
-0.107176
0.049758
0.142961
-0.153622
-0.247305
-0.224827
0.012408
0.146634
0.231519
-0.268209
0.337632
-0.105561
-0.205544
0.980902
-0.164820
-0.078818
0.088416
0.139079
-0.277432
0.114625
1.065479
0.064274
0.065290
0.090555
-0.078926
-0.054261
-0.126379
0.129185
-0.135552
-0.027494
-0.107408
0.040286
0.123174
-0.137547
0.137118
0.053863
0.066658
0.005184
0.077469
-0.115602
0.000085
0.083632
0.059235
-0.022547
-0.048583
-0.053413
-0.116543
0.112898
0.061725
-0.041751
-0.061560
-0.129716
-0.029719
-0.117461
0.065901
-0.094065
-0.070652
-0.010093
-0.022023
-0.002059
-0.081900
0.051231
-0.033739
0.037336
-0.015800
0.113119
-0.051567
-0.055034
-0.126184
-0.124897
-0.117620
0.020821
-0.051723
0.132692
-0.011611
0.062825
0.127774
0.129849
0.012501
-0.004367
-0.071724
-0.080167
0.033874
0.036161
-0.025101
-0.040530
-0.048425
-0.041244
-0.085871
-0.059541
0.067948
-0.093148
0.062690
-0.071623
0.119984
0.014091
0.099469
-0.069317
0.006680
-0.070173
0.044790
-0.055670
-0.042320
0.082290
-0.138545
-0.008111
0.027498
-0.101240
0.013156
-0.084595
-0.102191
-0.020180
-0.124124
-0.079559
-0.063395
0.122578
-0.059435
0.007997
0.100145
-0.041442
-0.043598
-0.102521
0.058153
-0.117340
-0.131127
-0.362726
-0.043676
0.088769
0.016935
0.027181
0.041251
0.268496
0.307201
0.114833
-0.185790
-0.290168
-0.035381
-0.033256
0.084207
0.080079
0.110233
0.104258
0.147439
0.087347
-0.298270
0.531081
-0.014377
-0.009310
0.062225
0.165804
-0.122930
-0.180150
-0.041973
-0.217716
-0.002560
0.286832
0.032560
-0.047367
0.022379
-0.272091
-0.122927
-0.035901
0.002864
-0.130611
0.099427
-0.036065
-0.139040
-0.069400
0.143809
0.505834
-0.259314
-0.189340
-0.010166
-0.058352
0.342137
-0.044064
0.673595
-0.176356
0.114221
-0.130572
0.223948
0.187823
0.188148
-0.115385
-0.409412
0.177353
-0.288636
0.130833
0.060208
0.057480
0.175367
0.103816
-0.157832
0.030850
0.182692
0.088514
0.029874
0.121607
0.107275
0.076674
-0.145209
-0.046814
0.191018
0.115373
0.108521
0.263204
-0.237421
-0.179207
0.084031
0.224794
0.305915
0.318031
0.118402
-0.021472
0.130241
0.027189
0.119573
-0.160306
0.508320
0.214188
-0.444415
-1.234621
-0.125791
-0.164744
0.108404
0.130766
-0.274709
0.122008
0.238182
-0.038493
0.092518
0.125645
-0.106597
0.127860
-0.015075
-0.069373
-0.065902
-0.103824
0.011262
0.017017
-0.068953
-0.024041
-0.004434
-0.103211
0.093192
-0.003412
0.049894
0.074938
0.074618
0.005005
-0.133031
-0.092237
0.018738
-0.004455
0.077343
-0.101857
-0.131181
-0.128865
-0.084497
-0.061002
0.007933
0.128201
0.088582
0.083086
-0.026240
-0.079116
-0.043232
0.059266
-0.132126
0.114431
-0.101715
-0.083671
0.130359
0.007649
0.109668
-0.084631
-0.120963
0.068640
0.024209
-0.055524
0.088381
0.610923
0.214570
0.284985
0.059476
0.122139
0.196772
-0.042351
-0.239332
0.022592
0.089125
0.084955
0.157265
-0.057086
0.064868
-0.036241
0.040079
0.127326
-0.068573
0.060068
0.205771
-0.182511
-0.071484
0.147357
-0.111927
0.086374
0.013124
-0.167230
-0.089303
0.107326
0.054171
0.041026
-0.135858
-0.074067
0.150236
0.000480
0.099453
0.000684
-0.134901
0.220794
-0.178751
0.053901
0.171286
0.078159
-0.142014
-0.471304
-0.102557
-0.086980
0.022632
0.034990
-0.221465
-0.192176
-0.738458
-0.165680
0.101824
0.236001
0.074114
-0.014990
0.036299
-0.053259
-0.147355
-0.031817
0.347696
0.218057
-0.044884
-0.058959
0.132270
-0.075404
-0.196468
-0.079709
-0.147421
-0.159311
0.161245
0.126772
0.485907
-0.055529
0.154342
-0.120122
-0.069763
0.080817
-0.082296
0.117649
0.221950
-0.105229
0.152191
0.188543
-0.265922
0.119416
0.037980
0.095308
0.068635
-0.133949
0.143422
0.074577
0.079602
-0.022984
-0.761622
-0.769901
0.243459
0.219970
-0.097055
0.030953
-0.023145
0.127952
-0.072368
-0.029637
0.082918
-0.155903
-0.031198
0.040604
-0.078124
0.030405
-0.130242
0.034704
-0.018511
-0.071132
0.030216
-0.053849
-0.156298
-0.105911
0.050463
-0.029322
0.097287
-0.046830
0.106333
-0.084937
0.079903
0.107826
-0.044855
-0.126953
0.033340
-0.098807
0.032704
0.067629
-0.088056
-0.096581
-0.068817
-0.076811
0.094498
-0.131618
0.075972
0.005452
-0.111685
-0.067614
-0.144132
-0.005282
0.059892
0.080272
-0.031282
-0.083154
-0.005842
0.096352
-0.039198
0.017051
-0.052139
-0.002691
-0.086685
-0.259226
0.074488
-0.105136
0.131409
0.060611
0.072733
0.058990
-0.054082
0.127352
-0.213592
0.004751
0.099358
-0.058124
0.052079
0.101282
0.001700
-0.006696
-0.061345
-0.063695
-0.042446
-0.104574
0.219241
0.053385
-0.109737
0.062157
0.038435
-0.038213
0.301445
0.127401
-0.017527
0.012103
-0.054029
0.086782
0.289070
-0.044117
-0.007649
0.013992
0.058690
0.145413
0.149120
-0.251080
-0.000303
-0.042942
-0.533569
-0.509375
0.272544
-0.160075
0.093358
-0.007065
0.219975
0.325962
-0.564773
0.006725
-0.130457
-0.050187
0.113580
-0.050352
0.111958
0.043237
-0.083421
-0.023212
0.004611
0.119260
-0.013559
0.071162
0.019804
-0.133682
-0.152479
0.051682
-0.030594
-0.150245
-0.077412
0.090646
-0.083176
-0.106092
-0.013140
-0.142911
-0.093690
0.025480
0.041853
0.057771
0.102617
0.063263
-0.052777
-0.123832
-0.049793
0.041589
-0.106940
0.007039
0.046235
-0.138588
0.080116
0.108964
0.061194
0.102631
-0.059578
0.066291
-0.126667
-0.104055
0.081757
-0.095983
-0.016785
-0.108942
-0.026628
0.595787
0.003883
0.047437
0.034594
0.029426
0.126468
-0.179063
-0.207950
-0.055863
-0.313255
0.136299
0.110366
-0.033433
-0.094350
-0.049324
-0.171051
-0.067877
0.193773
0.091549
0.147541
-0.126909
0.414338
0.016389
-0.166676
-0.032009
0.046961
0.007608
0.232076
0.221596
-0.182981
0.002293
-0.035203
-0.121054
0.267555
-0.024498
0.168413
0.194275
-0.044018
-0.085727
-0.198949
0.210034
-0.107230
-0.081998
0.169452
-1.155989
0.396559
-0.282285
0.081022
0.082176
0.133834
-0.249941
-0.256153
-0.077858
-0.033614
-0.115687
0.058701
-0.070393
-0.035237
-0.046978
-0.007908
-0.049305
-0.000984
0.037145
-0.089842
-0.059109
-0.137192
0.011596
-0.037858
-0.047688
-0.048232
0.003120
0.018599
0.085689
-0.018535
-0.049588
-0.077159
0.119577
-0.138035
-0.116536
0.096924
-0.084828
-0.030691
-0.077547
-0.110509
0.063945
-0.040264
0.036927
-0.041567
0.070836
-0.015594
-0.001408
0.062992
-0.121637
-0.042708
0.113725
-0.001866
-0.072323
-0.081031
0.068306
-0.129201
-0.104395
0.050252
0.059410
-0.019872
-0.660080
0.205382
-0.229737
0.078609
-0.064577
0.150789
0.025371
-0.021175
0.160064
-0.093529
-0.154920
0.031179
-0.046543
0.157686
0.153973
0.240937
-0.042361
-0.076405
0.073423
-0.127876
0.010728
-0.069637
0.079469
-0.018517
0.197913
-0.012794
-0.014969
0.126836
-0.015732
0.096881
0.194505
0.114202
0.014226
0.234361
-0.151705
-0.185635
-0.239175
0.072398
0.222166
0.349206
-0.219544
0.407523
-0.018858
-0.252128
0.779714
-0.234684
-0.028811
0.030128
0.042141
-0.104559
0.170537
1.184487
-0.292475
-0.052532
-0.171903
0.021733
0.105250
-0.241237
0.169016
0.308175
0.006455
-0.112610
-0.205181
-0.065096
0.043480
0.128550
0.107729
0.080421
-0.056514
0.083977
0.242117
0.009153
-0.296456
-0.148164
0.009388
-0.207633
0.042154
-0.072145
0.106776
0.206556
-0.001583
-0.137560
0.224482
-0.001235
0.173030
0.239078
-0.149998
-0.270253
0.047781
0.146410
0.115885
0.158052
-0.158307
-0.110326
-0.183732
0.331944
0.511734
0.123293
-0.314099
0.026719
0.041488
0.294495
0.074085
0.928060
0.051231
-0.020486
-0.137218
-0.047699
-0.056080
-0.047422
0.076633
-0.036440
0.138128
0.109736
0.090950
-0.052184
-0.044000
0.056568
-0.075130
-0.044409
-0.117087
0.015798
0.081891
-0.133399
0.117962
-0.114155
0.095407
-0.134889
0.017747
-0.029183
0.042811
-0.032175
0.088503
-0.032747
-0.009961
-0.108215
-0.101587
0.105837
-0.054028
-0.138068
-0.118466
0.095308
-0.128519
-0.077061
0.008994
-0.064334
-0.104930
0.076550
0.063949
-0.062544
0.077430
0.004331
-0.077771
-0.136354
0.006720
0.112838
0.347254
0.122390
-0.141737
-0.047141
0.026130
-0.116285
0.191045
0.348725
0.082014
-0.150053
-0.077452
-0.024352
0.304680
0.024262
-0.051901
0.273776
-0.034594
0.192201
0.302130
0.197745
0.357699
-0.009865
-0.048204
-0.068502
0.042320
-0.021167
-0.180928
-0.194046
-0.152571
-0.050833
-0.063026
-0.044096
-0.190284
-0.144592
-0.231212
-0.166406
-0.090919
-0.192772
-0.015544
-0.134805
0.058066
-0.055917
-0.119703
0.493043
1.107761
0.211251
-0.072824
-0.045751
-0.105442
0.093945
-0.077682
0.004577
0.781085
-0.128421
0.256442
-0.356644
-0.022219
-0.178765
0.193877
0.513336
0.018644
0.103850
0.033128
-0.019967
0.211451
0.053385
0.061270
0.125447
-0.021864
-0.587375
-0.629459
-0.343865
0.263062
-0.152025
-0.425043
0.257707
0.290018
0.097269
0.108810
-0.226894
-0.324342
0.062148
0.365001
0.013228
0.172965
-0.454521
-0.192574
0.020593
-0.027436
0.399359
0.125661
0.060252
0.094692
-0.106443
0.073868
1.114275
0.772645
-0.128252
-0.000164
0.059030
0.012218
-0.570439
0.015648
0.331089
-0.308557
0.163846
0.007378
-0.060078
0.106130
-0.059482
-0.117657
-0.133274
0.138980
0.092107
-0.046437
0.081389
-0.226514
-0.120605
-0.105257
0.097543
0.068088
0.026137
-0.186481
-0.169816
0.548630
0.046723
-0.055700
0.021825
-0.009580
-0.005585
0.018308
-0.212230
-0.046236
-0.062115
0.221893
0.006311
0.033617
-0.203416
-0.037056
0.007792
0.307599
-0.021923
-0.094791
-0.203804
0.101190
-0.126917
-0.121873
0.428955
1.147397
-0.027072
0.255806
-0.090879
-0.073726
0.118936
-0.106191
-1.291925
-0.031559
-0.080307
-0.125674
0.117385
-0.037936
0.095229
-0.079715
-0.054866
-0.021815
-0.111038
-0.046843
-0.134586
-0.138116
-0.047076
0.084628
-0.004637
-0.094745
0.048004
-0.060460
0.109598
-0.034766
0.070956
0.014083
0.011787
0.123520
-0.131645
0.056497
0.023616
0.041578
-0.142016
0.018142
0.111712
0.036059
-0.019695
-0.121609
-0.072690
-0.085944
0.124573
-0.052762
-0.108834
0.068603
-0.002690
0.075012
0.059457
-0.084705
-0.109493
0.076220
-0.050446
-0.136526
0.083953
-0.095880
0.017032
0.384984
0.003939
0.000185
-0.094674
0.062027
0.070386
0.171725
0.324659
-0.212592
0.092832
-0.038292
-0.039197
0.065131
0.067805
-0.014841
0.034083
-0.061765
-0.046239
0.143026
-0.081065
-0.879548
-0.102219
0.003186
0.026257
0.012563
0.043102
-0.063562
0.038618
0.074870
0.169276
0.063180
-0.024907
0.163895
-0.061262
-0.025567
-0.102849
-0.109367
0.133969
0.056208
-0.124828
-0.114942
-0.051824
-0.058774
0.439387
0.911509
-0.043604
0.024812
-0.048085
-0.081805
0.209089
0.406628
-0.461327
-0.628288
0.179716
0.379323
0.172375
0.138214
0.111465
0.626847
0.117278
0.049856
0.065302
-0.152404
-0.072728
0.586253
-0.147518
-0.045938
0.699719
-0.106500
-0.142613
-0.186619
0.029254
0.085644
-0.060158
0.107837
-0.190695
0.622281
-0.051701
-0.243065
-0.351740
-0.083859
-0.418938
0.647877
-0.042454
-0.200173
-0.341069
-0.215788
-0.286699
-0.037292
-0.286409
-0.140758
-0.021731
0.031495
0.500092
0.030848
0.180825
0.501802
0.292932
-0.171382
0.103157
-0.016429
-0.061521
-0.106679
0.407302
-1.035560
0.233736
0.134785
0.365766
-0.038071
0.247580
0.550174
-0.085273
0.006506
0.069597
-0.439885
0.070985
0.571573
-0.139778
-0.028131
0.622481
0.014659
0.119914
0.414814
0.321501
0.017400
0.019964
0.210335
-0.254148
0.379707
-0.247562
-0.537759
-0.009819
0.133877
-0.235540
0.304495
-0.145473
-0.531880
-0.273237
-0.247502
-0.278122
-0.005504
-0.535537
-0.156457
-0.029619
0.223145
0.477877
0.242443
-0.217919
0.264365
0.120781
-0.295928
-0.066308
-0.040532
0.432309
-0.113017
0.496727
0.145889
0.153917
0.119723
-0.115161
-0.131090
0.026013
-0.046220
0.049659
-0.058739
-0.056603
0.030017
0.061880
0.049931
-0.138023
0.041264
-0.041879
0.154996
0.156242
0.115019
0.102842
0.252220
0.148457
-0.020321
-0.103183
-0.006053
0.080483
0.020144
0.148977
0.016407
0.047296
-0.018896
-0.189838
-0.132351
0.148495
-0.014535
-0.013369
-0.047963
-0.138485
-0.058677
0.059048
0.182617
0.024244
-0.039717
-0.240195
-1.005547
0.302277
0.037897
-0.134670
0.047714
0.208744
-0.085372
-0.848280
0.015763
-0.026699
-0.017109
-0.031149
0.123746
0.068691
-0.121664
-0.001591
0.034333
0.070894
-0.059606
-0.128971
0.049654
-0.115669
-0.008844
-0.019586
0.093329
0.038428
-0.092081
0.038110
-0.140711
0.050145
-0.026356
0.089732
-0.129371
0.032992
-0.131980
0.019825
0.071844
0.012591
-0.058925
0.071936
-0.065756
-0.020272
0.079714
0.065082
-0.117726
-0.101570
-0.139150
-0.120999
-0.017381
-0.034749
-0.127383
-0.074785
0.061624
0.085196
-0.067283
0.077725
-0.113832
0.081876
0.048566
-0.009988
0.669435
0.182699
0.083388
-0.080350
0.023058
0.008645
0.157081
0.213783
-0.057529
0.537305
-0.090137
-0.078189
0.182773
-0.089669
0.015586
0.398094
-0.017451
-0.004057
0.113730
0.076850
-0.732345
0.111567
-0.312806
0.123067
0.203622
-0.040301
0.000240
-0.226916
-0.111630
0.232159
0.333050
-0.103324
-0.084103
-0.325429
-0.046165
-0.174892
-0.059465
-0.128873
-0.347794
0.000868
-0.024943
-0.241271
-0.011800
0.725031
0.411000
0.189355
0.484417
0.068487
0.029767
0.001138
0.359485
-0.288357
0.466614
-0.060143
0.001764
-0.192568
-0.026236
-0.072356
0.090010
0.193661
0.235352
-0.418264
-0.260650
-0.108557
-0.124446
-0.018312
0.030731
0.097037
0.129833
0.193140
0.413651
-0.016094
0.505232
-0.093129
-0.131158
-0.119284
-0.008694
0.036932
-0.050137
-0.044049
-0.151371
-0.152582
-0.034947
-0.018175
-0.124421
-0.075014
-0.112236
-0.185978
0.120675
0.108640
0.139321
0.005414
-0.075242
-0.229157
-0.029764
0.510725
-0.362365
-0.239353
-0.283825
0.078836
0.131412
0.605320
-0.158919
-0.447535
-0.667006
0.147684
0.252349
0.387150
0.059072
0.011411
0.544924
-0.059241
-0.009365
-0.211795
-0.391542
-0.001900
0.557173
-0.098834
0.004113
0.536039
0.005699
0.150825
0.339257
0.211896
-0.587050
-0.043906
0.069782
-0.226337
0.410574
-0.021151
-0.224732
-0.070562
0.024641
-0.317155
0.342952
-0.206601
-0.404942
-0.020385
-0.306654
-0.095721
-0.011273
-0.371879
-0.163723
0.055673
-0.011237
0.280553
0.117978
-0.065366
0.761624
0.152453
-0.374195
0.039437
0.044839
0.406223
0.145331
0.313442
0.011753
-0.082904
-0.061419
-0.075843
-0.125796
-0.080292
-0.006392
0.039317
0.051676
0.044329
-0.078543
-0.056222
-0.137986
-0.032164
-0.062736
-0.009444
-0.101243
-0.064675
0.128597
-0.017052
-0.131859
-0.112612
0.038308
0.005014
-0.074380
-0.047783
-0.091301
-0.019381
-0.104178
0.047403
-0.085422
0.057980
0.028784
0.118082
-0.109179
-0.114507
0.043673
0.012158
0.041699
-0.051201
0.031642
-0.069170
0.061783
-0.136898
-0.018108
0.126426
0.025323
0.018466
0.113136
-0.026930
0.036006
-0.083521
-0.130736
0.185671
-0.008209
0.064362
0.050031
0.139943
0.156916
0.310075
0.117181
0.451886
-0.221070
0.073419
-0.024920
0.077887
0.032566
-0.043876
-0.054578
-0.051783
0.127041
0.195699
0.279472
0.190275
0.062869
0.166161
0.016915
0.087997
0.033169
-0.029758
0.204358
0.145937
-0.033800
-0.106563
-0.084041
-0.158190
-0.261576
-0.088223
0.235777
0.089881
-0.185990
0.005012
0.016160
0.151592
0.158541
-0.774428
-0.584898
0.036977
0.133529
-0.033298
0.015330
0.087341
-0.369519
-0.711726
0.635222
0.209774
-0.116201
-0.068700
0.017015
0.024292
0.019565
-0.186108
0.142068
0.301326
0.147619
0.065686
0.020948
-0.000064
0.077172
0.117017
-0.113701
0.061632
0.053033
-0.089139
0.709300
-0.320710
0.111307
-0.070787
-0.049436
-0.100909
-0.228683
-0.044723
-0.051175
0.179382
-0.202819
-0.325381
-0.147093
-0.113082
-0.101202
0.095245
0.060121
-0.105879
-0.083890
-0.113757
0.033238
0.436985
-0.041989
0.560838
0.789184
-0.291796
0.131678
0.063386
0.075038
-0.123147
-0.500088
0.075104
0.849423
-0.017810
0.109937
-0.194492
-0.025275
0.054183
-0.035720
-0.117668
0.020771
-0.527853
0.141605
-0.026877
0.087796
-0.155553
-0.152082
-0.120551
0.009383
0.203642
0.034629
0.353974
0.406006
-0.003811
0.284752
-0.332163
-0.201314
-0.070773
-0.125649
0.302214
0.170545
-0.229152
-0.092377
-0.046526
-0.024059
0.239658
0.106322
0.231419
-0.098923
-0.141744
0.211268
-0.268081
0.339074
0.302005
0.066294
-0.244746
-0.727803
0.226756
-0.251326
0.144319
-0.129763
0.054224
-0.313567
-0.250201
0.236367
0.064805
0.230806
-0.084015
0.062660
-0.004973
-0.187255
-0.340352
-0.001950
-0.019014
0.143836
0.005834
0.164085
0.013679
0.078622
0.037288
-0.137105
-0.282568
-0.559350
0.173523
0.042437
0.209835
0.081411
-0.021785
0.102525
-0.016127
-0.152447
-0.054491
0.066131
-0.048390
0.178441
-0.022795
-0.093204
-0.018147
0.181920
0.057058
0.108082
-0.220177
-0.002931
-0.066339
0.079627
-0.075635
-0.133718
0.121915
0.604997
0.289671
0.163414
-0.041784
0.003327
-0.385675
0.066827
-0.830091
0.343305
-0.227785
0.132374
-0.096400
-0.050771
0.025774
0.129331
0.548311
-0.159643
0.350407
-0.183908
0.077312
0.315413
-0.024046
0.014965
0.235421
0.059400
-0.021194
0.216530
0.157937
-0.652377
0.232395
-0.132216
-0.013439
0.157270
0.129293
-0.107896
-0.265402
-0.002695
0.189931
-0.015298
0.108863
-0.027352
-0.306653
-0.220421
0.015090
-0.012206
0.163493
-0.055005
-0.207331
0.286696
-0.206268
0.048514
0.318677
-0.649840
0.377056
0.176121
0.068157
-0.180715
0.461999
0.326537
-0.856044
-0.040708
0.059778
-0.010023
0.055823
-0.113832
0.015095
-0.251588
0.126076
0.035492
-0.156938
0.090801
0.030550
-0.343962
0.054648
0.102078
-0.200650
0.073210
0.031146
-0.273913
-0.071269
0.098016
-0.011853
0.037341
-0.074573
-0.058896
-0.015452
0.008177
-0.024009
0.148184
-0.097511
-0.099181
0.140317
0.097471
-0.054871
0.221745
0.140783
0.110813
0.059739
0.052927
0.015663
0.181663
-0.355844
-0.026688
-0.692094
0.328553
-0.103162
0.086855
-0.063662
0.069289
0.080938
-0.193670
0.384970
-0.507740
-0.085530
0.083773
0.061610
0.112505
0.113895
0.252879
0.036614
0.104933
0.298561
-0.075671
-0.074581
-0.029264
0.008563
-0.092775
0.187953
-0.107921
0.021617
0.108018
-0.149272
0.410205
-0.009441
-0.000655
0.028865
0.176663
-0.074659
-0.123347
-0.290039
-0.108430
0.105335
0.205280
-0.076845
-0.042943
-0.141259
-0.061680
-0.141095
0.046464
-0.063087
-0.116014
-0.222345
0.290171
-0.094734
0.082814
0.243706
1.057528
0.060383
0.152762
-0.079929
-0.067882
-0.078898
0.131218
-0.395074
-0.460947
0.069770
-0.113439
0.163124
0.155460
0.216293
0.304105
0.109839
0.049192
-0.276183
-0.315064
0.126307
0.321888
0.050515
0.046168
0.390649
0.092366
0.253182
0.214451
-0.032392
0.505573
-0.243357
0.050487
-0.254211
0.185182
-0.093043
-0.106941
0.235623
0.050641
-0.358475
0.108769
-0.189480
-0.087324
0.002451
-0.343739
-0.238694
0.124725
-0.206628
-0.024650
0.214717
0.080451
0.321462
0.047793
0.266534
0.422031
-0.136026
-0.376649
0.001078
0.012651
0.143494
0.078051
0.410625
-0.135772
0.023241
-0.043759
0.090859
-0.033948
-0.073349
-0.067868
-0.032578
0.009920
0.047315
-0.042266
-0.105182
-0.112846
0.028949
-0.101002
-0.128183
0.047973
0.021711
-0.013847
-0.018231
0.126451
-0.131744
0.036839
0.086420
0.027560
-0.096068
-0.070413
-0.080019
-0.054962
-0.038060
0.061573
-0.101467
-0.053127
0.053365
-0.115906
-0.137845
-0.131114
-0.046565
-0.098385
-0.054959
-0.106001
0.034674
-0.064567
-0.056303
0.118648
0.057107
0.014300
-0.041965
0.107982
0.015582
0.035852
0.111318
0.176977
0.000221
0.032466
-0.175339
0.154901
-0.037558
-0.027815
0.239936
-0.051431
-0.451993
-0.138447
-0.060465
-0.130712
-0.065524
0.096565
0.046936
-0.003110
-0.058479
0.077989
-0.271792
0.051922
0.036250
-0.073609
-0.218550
0.391378
0.121299
0.012531
0.150621
0.020112
-0.295244
0.195137
0.067415
-0.023507
0.141628
0.064503
-0.005317
-0.133674
-0.124709
0.093356
0.093038
0.222147
-0.121615
-0.114256
0.775081
0.093305
-0.261348
-0.294525
0.031133
-0.052625
0.186593
-0.033870
0.437741
-0.241612
0.033871
0.029459
0.007540
-0.131960
0.100703
-0.038051
0.243316
0.083411
0.335468
0.122907
0.023021
-0.041822
0.089879
-0.128714
-0.031591
-0.150060
0.032506
-0.041271
0.115270
0.712426
-0.025788
0.084700
0.129585
-0.033082
-0.143517
-0.044359
-0.174506
0.097928
0.348248
0.011327
-0.069162
-0.078901
-0.079009
-0.184087
-0.028640
0.081387
0.134688
-0.107904
0.097510
0.004062
0.126835
-0.086550
-0.719154
0.126069
-0.181794
0.298117
0.147986
0.020482
-0.049528
-0.020989
0.334103
-0.511704
-0.171590
-0.122034
-0.158022
-0.059412
-0.123752
-0.018572
0.355758
0.209132
-0.246343
-0.114572
0.079184
-0.131960
0.163876
0.032384
-0.009430
-0.046658
0.053035
0.127791
-0.063188
0.773883
0.116809
-0.129167
-0.094944
0.138461
-0.008456
-0.034319
-0.146227
0.030854
-0.113633
0.064479
-0.060614
0.086213
-0.175608
-0.098057
0.114143
0.235659
0.061547
-0.082614
-0.058232
0.200404
-0.427425
0.031180
-0.125215
0.995807
-0.144805
-0.199118
-0.099255
0.035214
0.117047
-0.291999
-0.162668
0.797349
-0.302403
-0.049253
-0.010035
-0.002672
0.052422
-0.774342
-0.272496
0.024566
0.538440
0.419294
-0.122350
-0.717011
-0.023167
0.034079
-0.880907
-0.003760
0.280151
-0.082070
-0.197407
-0.112243
0.134116
-0.045848
0.327172
-0.546351
-0.084698
-0.029754
-0.153945
-0.133444
0.508211
-0.598482
0.322890
0.111213
-0.067597
0.425279
0.593469
-0.014067
0.201406
-0.180359
-0.020136
0.048477
-0.482256
-0.025191
0.676842
-0.546384
-0.397246
0.410056
0.048583
-0.016080
0.378431
-0.212578
-0.084886
0.030548
-0.061034
0.120453
-0.072229
-0.127864
0.064963
-0.098220
-0.113116
-0.138115
0.066730
-0.068399
-0.125351
-0.110395
0.120616
-0.088879
0.030653
-0.131528
-0.056934
0.098684
-0.005687
-0.137628
-0.082972
0.005012
-0.093316
0.036733
0.016131
-0.018503
0.125122
0.048697
-0.020968
0.031075
-0.022524
-0.070549
0.047916
-0.108908
0.008638
0.039938
0.079994
0.045144
-0.122487
-0.051125
0.108058
0.120539
-0.007634
-0.111766
-0.118274
0.030495
-0.052138
0.058897
0.005450
0.051399
0.062673
-0.045510
-0.013372
0.133832
-0.099295
-0.085868
-0.041321
-0.056219
-0.071094
0.024128
-0.095998
0.014295
-0.054717
-0.018848
0.089974
0.045082
-0.076483
0.085168
0.116153
0.131922
-0.108915
-0.109736
0.111938
-0.083096
-0.116354
0.005372
-0.133289
0.111710
0.077229
0.029138
-0.109683
-0.129896
0.023214
-0.009609
0.043725
-0.133002
-0.127911
0.124190
0.003479
-0.001807
-0.068026
-0.006375
-0.048560
0.103299
0.026285
-0.125606
0.050695
-0.027345
-0.047030
-0.072761
-0.029943
-0.015233
-0.058546
0.006529
0.059197
-0.018069
0.003252
-0.030372
0.123979
0.113725
-0.111773
0.009685
0.002291
0.017394
-0.041509
-0.024280
0.105061
-0.014143
-0.108875
-0.115400
0.131561
0.075022
0.117013
-0.025653
-0.067515
-0.032900
0.073072
0.054593
0.052638
-0.053328
0.106049
-0.055508
0.021571
-0.129052
-0.004598
-0.075617
-0.087493
0.061721
0.118999
-0.043897
-0.136702
-0.073792
-0.085977
-0.085776
0.062083
-0.018307
-0.107307
-0.073997
0.016462
0.061584
-0.090585
-0.092305
-0.134607
-0.107696
-0.008826
-0.129632
0.034077
-0.133866
-0.100090
-0.121382
-0.089987
-0.155787
0.078221
0.058538
-0.015427
-0.071626
0.035696
-0.141345
-0.075290
0.103544
-0.157878
0.073189
-0.135167
-0.098473
-0.104199
0.412277
0.021918
0.146589
0.101395
-0.298141
0.169259
0.145001
0.007544
0.060857
0.181960
-0.324778
0.022624
0.075286
-0.027217
-0.021863
0.134873
-0.090321
0.188658
-0.068780
0.015790
-0.155794
-0.189833
-0.131221
-0.692843
0.993925
0.061602
0.006706
0.215074
0.120109
0.011736
-0.142442
-0.563457
-0.010918
-0.015965
-0.122024
-0.076416
-0.134430
-0.013898
0.074598
-0.132251
0.117722
0.005870
-0.040150
0.076949
-0.033350
-0.107702
0.048899
0.093627
-0.022059
-0.146692
0.084831
-0.011444
-0.110087
0.114931
-0.071491
0.081585
-0.028723
-0.124782
-0.012789
0.111699
-0.098993
0.020853
-0.116346
-0.009026
-0.029303
-0.024598
-0.029812
0.035501
0.109749
0.069509
-0.114150
-0.102760
-0.104504
-0.138645
-0.014828
0.064090
-0.133737
-0.061840
-0.084369
0.077831
0.032969
-0.043869
0.103700
0.074578
-0.662259
0.058779
-0.175630
0.083442
-0.027791
-0.143059
-0.022315
-0.398266
0.123403
-0.360405
0.116365
0.027568
-0.092667
-0.009114
0.223154
-0.142970
0.121320
-0.179079
-0.095648
-0.221235
0.379777
0.107935
-0.028406
-0.223494
0.185685
0.204650
0.178881
0.277681
-0.051294
-0.016930
0.199114
-0.078262
0.050182
0.011175
0.127820
0.039497
0.230177
0.074809
0.164249
0.246453
-0.104650
0.015215
-0.035780
-0.329834
1.026335
-0.022085
-0.076462
0.100505
0.225394
-0.227045
0.031906
-0.077265
0.260091
0.080767
0.011872
-0.063160
0.111272
-0.007675
0.367936
0.198433
0.025488
0.377809
-0.329881
-0.052376
0.438143
-0.053731
-0.119034
0.395713
-0.002074
0.009115
0.255463
-0.045529
-0.356560
0.049671
-0.069191
0.084113
0.418932
0.061108
-0.019916
-0.105064
-0.081246
0.193789
0.388134
-0.088241
0.028181
0.014359
-0.219123
-0.112215
-0.112361
-0.047372
-0.285509
0.120611
-0.077427
0.083182
0.031820
0.568579
-0.280541
0.301860
0.113156
-0.048067
-0.115048
0.206199
0.404896
-0.529673
0.397035
0.078551
0.196013
-0.063735
0.156443
-0.000040
0.191819
0.148328
-0.141880
0.173675
0.100824
-0.081312
-0.065315
0.091379
0.104079
0.224827
0.069374
0.031297
0.005083
0.038494
-0.468897
0.088026
0.170182
0.063391
0.014004
0.014382
0.108722
-0.090813
-0.035577
0.217663
0.178383
0.057815
0.041844
-0.211438
-0.025326
-0.025231
-0.208181
0.075182
-0.149731
-0.028351
-0.042136
-0.023007
0.038426
0.347910
-1.025310
0.049464
0.234726
-0.147748
0.167351
-0.061014
0.379777
0.664895
0.250477
0.086928
0.021037
-0.107404
0.022351
-0.031509
0.320223
-0.106049
-0.005350
-0.344193
-0.235630
-0.061530
0.129755
0.158688
-0.109023
0.350271
0.103264
0.245894
0.001492
0.102126
0.311286
-0.214299
-0.104138
-0.220749
0.181855
0.020037
-0.069058
0.270974
-0.150006
-0.332238
0.113957
-0.235502
-0.011313
0.212306
-0.159450
-0.228105
0.125991
-0.066400
0.125917
0.046618
-0.054783
0.110485
-0.139064
0.629890
0.505902
0.086104
-0.418010
-0.039114
0.056444
0.177505
-0.120518
0.094156
0.070664
0.004250
-0.119274
-0.120563
0.061723
-0.010730
0.060274
-0.116260
0.118414
-0.070707
-0.059153
0.129184
0.042794
0.064759
0.036725
-0.078204
0.132894
-0.118988
-0.107991
-0.015388
-0.130087
-0.055619
-0.062584
-0.005801
-0.038319
0.105500
0.008211
-0.029631
0.135064
0.025144
-0.056156
-0.008446
-0.114773
-0.092289
-0.056728
-0.042522
0.031922
-0.071857
-0.122580
0.037081
0.106676
-0.101596
0.041835
0.018937
-0.136685
0.009785
0.086978
0.051054
-0.026800
-0.017121
-0.125098
-0.138591
0.036772
-0.096757
-0.104551
-0.065108
-0.122481
-0.075145
-0.087906
0.016041
-0.015674
-0.110451
-0.031824
-0.097840
0.118566
-0.107353
-0.073180
0.124988
-0.079454
0.070844
-0.137304
-0.108566
0.061666
0.098889
0.122038
-0.124845
0.099011
0.108595
0.102880
0.114825
0.132759
-0.119792
-0.012881
-0.099022
-0.085517
-0.131948
-0.066091
-0.077867
0.070235
0.053166
-0.028847
0.034418
-0.026533
-0.052468
0.014826
0.083129
0.118052
-0.083722
-0.006117
-0.131430
0.076679
-0.130147
-0.070634
-0.044189
0.254234
-0.063689
-0.008025
0.006883
-0.088159
0.000758
0.405445
0.319636
0.170483
-0.316796
-0.099624
-0.090148
0.445952
-0.160019
-0.055622
0.474415
-0.093734
0.244998
0.367961
-0.012528
0.503799
-0.062175
-0.112848
-0.047839
0.249413
-0.142333
-0.143262
0.110507
-0.081496
-0.127829
0.241565
-0.247251
-0.248140
-0.072040
-0.393884
-0.199043
0.028546
0.005701
-0.089343
-0.135815
0.186945
0.350759
0.164762
0.636567
-0.656559
0.145963
-0.384800
0.020604
-0.088590
0.448471
-0.161312
0.087729
0.851678
0.173314
-0.050424
-0.194925
-0.075307
0.096400
0.192022
-0.327967
0.069223
-0.118836
-0.026597
-0.068493
0.128940
-0.066409
0.030516
0.229394
-0.012545
0.002208
-0.008248
0.005637
0.305369
0.188475
-0.239087
-0.208840
0.452237
-0.004676
-0.171148
-0.095132
-0.262569
-0.023343
0.366716
-0.092384
-0.179597
-0.107866
-0.074853
0.025814
0.049016
-0.288502
-0.169796
-0.042107
-0.024969
-0.005809
-0.200756
0.976474
0.469472
0.222892
0.013225
-0.047530
-0.001668
-0.011792
-0.023081
-0.607474
-0.518943
0.289820
-0.234332
-0.031386
-0.064875
0.049160
-0.044425
-0.170094
0.008951
0.203452
-0.008033
0.077443
0.142931
0.048428
0.007088
0.248236
0.046846
0.012131
0.187091
-0.065054
-0.508021
-0.289556
-0.058376
-0.019501
0.185463
0.159263
0.268987
0.061590
0.068040
0.016870
0.072726
0.158210
0.117349
0.187228
-0.007793
-0.131917
-0.077533
0.187584
0.013172
0.155178
-0.325045
0.200043
-0.024320
0.165404
1.069901
0.114053
0.089240
-0.042017
-0.023075
-0.239911
0.332631
0.144616
0.106331
0.084711
-0.072631
-0.134721
-0.154102
-0.201524
0.237137
0.010075
0.019424
0.339650
0.029006
-0.026660
0.262134
0.015551
-0.037455
0.299682
-0.041595
0.097831
0.169437
-0.018061
0.528976
-0.106947
-0.205939
0.117571
0.037063
-0.136385
0.056567
-0.061788
-0.065016
0.153272
0.187215
-0.215890
-0.130698
-0.153530
-0.107339
-0.262551
-0.240075
-0.156022
-0.148940
0.273212
-0.094874
-0.000450
-0.030090
0.525829
1.044666
0.235534
0.224603
-0.064571
0.105559
-0.139067
0.065627
0.389131
-0.508290
-0.066679
-0.006671
0.099573
-0.050988
-0.144516
-0.157150
-0.094486
0.084116
0.011108
0.172900
0.213703
-0.390787
0.020601
0.199985
-0.137613
0.016747
-0.228850
0.039794
-0.248352
-0.150724
0.228689
0.192106
0.102013
-0.043633
0.105667
0.280846
0.160851
-0.078204
0.066161
-0.181596
0.312508
0.243228
-0.085934
0.017009
0.131833
-0.025742
0.137133
0.179765
0.004241
0.038770
-0.375782
-0.082211
-0.623320
0.667115
-0.203833
0.041334
0.007867
0.212508
0.064766
-0.142186
0.279950
0.414977
-0.060004
-0.107336
-0.010198
0.056831
0.024630
-0.438575
-0.292106
-0.023705
-0.060680
0.270720
-0.075659
-0.405186
0.107344
-0.001816
-0.685513
0.110258
0.234645
-0.164083
-0.195471
-0.399557
-0.088333
0.078992
0.068005
-0.495499
0.130823
0.025329
0.036859
0.069911
-0.063567
-0.537108
0.066575
0.128406
0.081409
0.453891
0.300112
0.075251
0.206745
0.235879
-0.203578
-0.058105
-0.265119
0.079246
0.040918
0.204623
-0.051933
0.127639
0.066900
0.030129
0.133911
0.071532
-0.383896
-0.190770
0.088846
0.137891
0.053965
0.051813
-0.132544
-0.236712
-0.155414
-0.184802
0.338744
0.174898
0.083071
-0.100411
0.089954
0.141982
-0.326395
0.006820
-0.233634
-0.277083
0.209733
-0.497089
0.311125
0.073916
0.038347
-0.031084
0.064892
-0.050287
-0.225719
-0.091419
0.254006
0.133130
-0.016495
0.060448
-0.089242
0.284059
0.180883
0.179995
0.022691
-0.194611
-0.195729
0.211342
-0.365893
-0.086602
-0.454224
1.118399
0.122603
0.396017
-0.006449
-0.093183
-0.177573
0.200731
-0.466153
-0.309705
0.232177
0.001932
0.294410
-0.024584
0.258618
0.357297
-0.108362
-0.084874
0.005492
-0.010554
-0.042918
0.239657
-0.056142
-0.000652
0.264741
-0.144101
0.154041
0.049823
0.174000
-0.496017
-0.188160
-0.011578
0.062386
0.306923
0.008944
-0.147351
0.011584
-0.051454
0.069534
0.090598
-0.026825
-0.060035
0.069083
-0.175026
-0.036395
-0.256677
-0.014589
0.062207
0.145182
0.097532
0.415017
0.185352
-0.336220
0.866922
0.079971
-0.142845
-0.037660
0.061460
-0.350158
0.130917
0.844480
-0.033583
-0.130042
0.101099
-0.082028
-0.087141
-0.137835
-0.142104
0.012416
0.048695
-0.488776
0.080331
-0.098441
-0.119473
0.165657
0.066158
-0.104050
0.040331
-0.031090
0.097542
-0.140037
-0.139734
0.201975
-0.169857
-0.019856
0.371334
0.105030
-0.047561
0.175896
-0.211593
-0.319564
0.407666
0.084528
0.040600
0.068760
-0.096213
0.135343
0.014656
-0.039835
0.048097
0.029408
0.225150
-0.362487
-0.067335
0.432412
0.444928
0.227686
-0.330876
-0.008333
0.184980
0.367654
0.217110
0.206490
0.120884
-0.013496
0.012664
0.086491
0.134292
-0.096474
-0.024597
0.056711
-0.132551
-0.137574
0.060408
0.002026
-0.046136
-0.116964
0.132619
0.111961
-0.055119
-0.057326
-0.049382
-0.000381
-0.103875
0.113977
-0.125301
-0.056811
-0.125699
0.126074
-0.064205
-0.086541
-0.010476
-0.015000
-0.132709
-0.026257
-0.005696
-0.091747
-0.017729
-0.080194
-0.049076
0.004082
0.086318
-0.128716
0.110460
0.074919
-0.051810
0.033271
0.060504
-0.072684
0.025351
-0.054700
-0.119686
-0.006033
0.010009
-0.057796
-0.104702
0.102519
-0.137353
0.109528
-0.053883
-0.097083
0.062826
-0.124724
0.050245
-0.019501
-0.048624
-0.063334
-0.095563
0.107166
-0.060142
-0.068092
0.069006
-0.057756
0.060096
-0.108260
0.095346
-0.033112
0.015384
-0.095296
-0.135272
0.065724
0.045710
-0.130520
0.053830
-0.084778
0.032682
0.117408
0.107450
-0.001595
-0.000441
0.005898
-0.076391
0.092253
-0.014883
-0.028231
0.019467
0.119615
-0.075960
-0.117150
0.100749
-0.128885
0.049056
-0.053625
0.009606
0.049278
-0.108809
-0.083111
-0.536516
0.123448
0.195007
0.085983
0.075201
-0.012136
0.156835
0.232663
-0.046300
-0.124816
-0.074556
0.029788
0.313809
-0.096527
0.141465
0.268695
-0.155499
-0.077778
0.181425
-0.056200
-0.771442
-0.150748
0.155729
-0.120230
0.156038
0.034062
0.045386
0.042107
0.031339
-0.211136
0.200990
0.054069
0.036473
0.087923
-0.177129
-0.060339
-0.127121
-0.006390
0.161214
-0.167252
0.112152
0.099434
0.166312
0.003654
0.926492
-0.054138
-0.165703
-0.043043
-0.052493
0.045361
0.216470
0.769225
0.863308
-0.223088
-0.240420
-0.281686
0.032980
-0.130627
-0.779307
-0.151004
0.062844
0.409133
0.358564
-0.041074
-0.521194
0.095499
-0.006945
-0.650581
-0.020258
-0.184816
-0.498420
-0.167593
0.021695
-0.122658
0.016281
0.400074
-0.594235
0.099798
0.140521
0.059659
-0.035511
0.517561
-0.444233
0.256748
0.066842
-0.134964
0.356548
0.254842
-0.059407
0.383476
0.205377
-0.027301
0.003714
-0.321974
-0.154642
0.527472
0.635628
-0.131743
0.344400
0.101753
-0.011576
-0.125576
-0.100355
0.422085
0.446558
0.254034
0.273497
-0.046274
-0.061549
0.236150
0.187539
-0.211517
-0.063688
0.320458
-0.018803
0.136378
0.172888
0.048309
0.050377
0.051316
0.106664
0.007462
-0.234339
0.070722
-0.324330
0.348800
0.069675
-0.047167
0.169112
-0.010558
0.026497
-0.196695
0.055911
0.040307
0.076247
0.123553
-0.113234
0.047209
0.035714
-0.109441
0.108516
-0.196980
0.040974
-0.095985
0.165955
-0.070329
-0.016148
-0.335567
-0.643508
0.018387
0.278148
-0.128224
0.061478
-0.126890
0.308844
-0.447005
0.223253
0.241443
0.146797
-0.147920
0.066919
-0.124501
-0.229853
-0.392083
0.241935
0.257197
0.321159
0.002247
-0.022817
0.019451
-0.050584
-0.180534
0.077650
-0.108154
-0.387367
-0.073793
0.593683
-0.109267
0.142726
0.034396
-0.249426
-0.094645
-0.119021
0.059886
0.052268
0.194189
-0.331441
0.048948
0.040945
0.015408
0.155641
0.109260
-0.181208
-0.019018
-0.180555
0.057232
-0.044298
0.121320
0.041369
-0.289720
0.608983
0.103242
0.224202
-0.061296
0.053295
-0.464176
-0.327694
-0.328553
0.482508
-0.196843
-0.186860
-0.246284
-0.012606
-0.175057
-0.249894
-0.058113
0.237827
-0.316141
0.192034
-0.027706
-0.372475
0.124949
0.036997
-0.132728
0.130452
0.147973
0.107806
-0.246128
0.709933
-0.252578
-0.146392
0.005829
-0.178974
0.060796
0.143476
0.051594
-0.200912
-0.084674
-0.059452
0.068625
-0.019773
0.192455
0.214238
0.111522
-0.067144
0.023120
-0.004380
0.129588
0.172864
-0.044767
-0.061228
0.523473
0.544586
-0.102300
-0.103721
0.006707
0.048214
-0.013518
-0.204404
0.312704
0.376001
-0.321202
0.115535
-0.307500
-0.029905
-0.205966
0.066685
0.232956
-0.211526
-0.411309
-0.068607
0.069215
0.138675
0.090571
0.067395
0.091976
-0.095745
0.296188
0.550552
-0.125608
-0.413863
0.025478
-0.031595
-0.009849
0.186909
-0.042485
0.066103
0.104964
-0.105174
-0.036360
0.198307
0.269893
-0.026888
-0.051625
-0.244524
-0.108707
0.105308
-0.141213
-0.186019
-0.178154
0.153986
-0.563043
-0.208508
0.432547
1.130996
0.292895
-0.059715
-0.040942
-0.150344
0.632599
0.145498
-0.655540
-0.546621
0.089897
0.362123
0.243587
0.053715
0.090042
0.560646
0.135579
0.100864
0.268911
-0.211490
0.100674
0.494717
-0.060293
0.015604
0.575685
-0.029024
-0.545461
-0.396022
0.225611
0.182939
-0.028823
0.105279
-0.133750
0.463560
-0.073109
-0.076821
-0.496646
0.093069
-0.116548
0.322272
-0.192407
-0.291799
-0.396161
-0.180299
0.005586
-0.091565
0.052458
0.051882
-0.087394
0.107291
0.224617
0.097373
-0.106455
0.991668
0.042698
0.034170
-0.106111
0.031373
-0.565148
-0.032441
-0.017346
0.224899
-0.156584
-0.436303
-0.051400
-0.080454
-0.062815
0.033052
-0.176246
-0.047277
-0.394771
-0.328350
0.059217
0.025996
0.095598
-0.011162
-0.107122
0.042938
0.270520
0.342387
-0.282770
0.134319
-0.235149
-0.233079
-0.020208
-0.224071
0.096427
0.284916
0.080584
-0.192660
-0.095930
-0.074153
0.057327
0.130476
-0.051802
-0.324153
-0.113658
0.081124
0.526308
0.179442
0.108181
-0.182496
-0.283023
-0.230115
0.785945
1.035638
0.065457
-0.171757
-0.016539
0.092761
0.622785
-0.004617
-0.335748
0.094216
-0.054257
0.086660
0.173133
0.021515
0.015294
-0.298117
-0.599819
-0.092433
0.356938
0.406620
-0.058661
-0.392441
-0.057796
-0.063195
-0.431590
0.027822
-0.133225
-0.512142
-0.141703
0.051394
0.188631
0.083026
0.256678
-0.119062
-0.025033
0.020745
-0.075659
0.043705
0.137319
-0.124450
0.036586
-0.007907
-0.196100
0.447993
0.129392
0.111473
-0.117176
-0.021522
0.068858
-0.101817
0.064837
-0.105379
0.146302
1.190424
-0.003237
0.353607
0.087857
-0.023793
-0.238103
-0.054751
-0.084892
-0.490939
-0.237394
-0.003521
-0.130590
0.006677
-0.173754
-0.032471
0.239430
0.028973
-0.223958
-0.029004
0.117180
-0.017355
0.163368
0.019196
-0.231384
-0.063012
0.041333
0.112182
-0.044971
0.499816
0.072115
0.082910
-0.235906
-0.145617
0.143744
0.204220
0.199380
-0.068413
-0.258652
-0.056475
-0.053622
0.137943
0.170359
-0.136000
0.015493
0.065441
0.228144
-0.041227
0.018593
0.173162
-0.521101
-0.183988
-0.687278
0.562663
0.026185
-0.302579
-0.111404
-0.003987
0.192736
-0.108606
-1.100318
0.037419
0.018568
0.060382
0.120536
-0.125198
-0.082378
-0.043328
0.107809
0.086494
0.052953
-0.140736
0.113750
-0.140884
-0.121076
0.007012
-0.094979
-0.018620
-0.138499
0.049714
-0.027573
0.006613
-0.107276
0.058046
-0.125347
0.006755
-0.109095
0.068282
-0.019306
-0.131384
0.055774
-0.050518
-0.004988
0.003717
0.040505
-0.012316
0.010321
-0.106682
0.006686
-0.026085
-0.012433
-0.020899
0.045655
0.019801
0.016061
0.009467
0.113499
0.076031
0.049875
0.083072
0.060913
-0.092168
0.025916
-0.371335
0.229628
0.292419
0.133029
-0.091499
0.209443
-0.089708
0.172663
-0.026370
0.331099
0.042021
-0.054714
0.126424
-0.143829
0.110169
0.137491
-0.051261
-0.228700
-0.153211
0.104980
0.471338
0.503872
-0.054597
-0.013325
-0.000475
-0.041360
0.087994
-0.185326
-0.032308
0.241127
0.075896
0.008011
-0.114101
-0.174909
-0.025125
0.079610
0.333681
-0.015318
-0.284135
-0.094116
0.139022
-0.217960
-0.105266
-0.738078
-0.526979
-0.013049
0.205491
-0.086380
0.101880
0.249179
0.123196
-0.780118
0.118424
-0.029375
0.015804
-0.075696
0.037353
0.061543
0.064483
0.015379
-0.030663
-0.212939
-0.198915
0.029024
0.248926
0.103928
-0.089932
0.278816
0.002160
0.116727
0.035197
-0.016834
-0.779932
-0.268392
-0.137800
0.039003
0.260529
0.011046
0.136685
0.159775
-0.027071
0.038624
0.354230
-0.068674
-0.034283
0.158558
0.023419
-0.023142
0.051876
0.062270
0.181588
0.232745
-0.072887
0.192596
-0.055115
0.637243
0.573271
-0.157488
-0.209788
-0.041519
-0.041148
0.020909
0.160144
0.567783
-0.015195
-0.092520
0.046097
0.017236
0.048945
0.127334
-0.040033
0.056626
0.137883
-0.068081
0.131856
0.078287
0.199685
0.033111
-0.011465
0.021942
0.026695
-0.129885
0.144595
-0.093679
0.099983
0.095545
-0.057080
-0.026758
0.035092
0.009135
0.097196
0.047376
0.056091
0.173358
0.064356
-0.087888
-0.007736
0.116963
-0.142536
0.043526
0.032251
0.088198
-0.176191
0.049479
-0.115938
-0.021527
-0.123783
0.067848
0.092373
-0.020804
-0.150829
0.012156
-0.018661
-0.032529
0.170045
-0.100050
-0.055864
-0.097513
-0.023003
-0.003168
-0.082965
-0.008082
-0.033810
-0.118468
0.089625
-0.052060
0.015965
0.086116
0.091734
0.024748
0.137987
-0.095290
0.089949
0.109289
0.053471
0.125044
0.135358
0.104987
0.023228
-0.120939
-0.099058
-0.037052
0.099950
-0.054731
-0.076041
0.120800
-0.052958
0.070886
-0.029295
-0.041381
-0.033096
-0.100542
-0.055001
-0.020136
-0.122772
0.044972
0.100935
0.010163
-0.073689
-0.087247
0.046304
0.007364
0.036369
-0.010495
-0.074134
0.116700
-0.053476
0.027009
-0.153851
0.083541
0.010841
-0.001324
0.152541
0.138635
-0.066997
0.123625
-0.057066
0.136433
-0.049746
-0.010705
0.048774
0.077480
0.033044
-0.162479
-0.040667
0.034349
0.039439
0.011335
-0.034088
0.018879
0.084149
0.164946
-0.024492
0.169061
-0.994905
-0.069801
-0.146551
-0.048316
-0.076931
-0.044075
-0.063224
0.111315
-0.008151
-0.003413
0.083609
0.097883
0.025989
0.044072
0.041533
-0.000633
0.099657
-0.050169
0.012789
0.032087
0.084177
-0.234548
0.054076
0.020110
0.077938
-0.069739
0.054955
-0.919788
0.071300
0.055285
-0.006863
0.042448
-0.011771
0.028603
0.119657
-0.052609
-0.810322
0.049242
-0.052014
-0.076281
0.010842
-0.087289
0.116705
-0.012356
-0.612982
0.021441
-0.915297
-0.051095
-0.088930
-0.092708
0.017301
-0.013397
0.186583
0.021966
-0.040457
-0.045662
0.065235
-0.052952
0.011062
0.073299
0.036350
0.070471
0.017895
-0.029245
0.012515
0.062918
-0.865629
-0.130144
-0.063593
-0.224905
-0.773218
-1.071277
-0.002237
0.075349
-0.120958
-0.047042
-1.106347
-0.041449
0.131485
-0.003938
0.021637
-0.026951
0.031298
-0.054809
0.136156
0.092886
-0.085641
-0.028640
0.066629
0.101040
-0.727407
-0.032520
0.054942
0.082165
-0.095745
0.012254
-0.120406
0.110295
0.040397
0.064762
0.010267
0.085126
0.212784
-0.035547
-0.197106
0.114240
-0.077681
-0.443974
-0.161874
0.030326
-0.003575
-0.040445
0.046898
-0.163603
-0.911575
-0.054028
0.013549
-0.013959
0.010703
-0.780900
-0.603496
-0.530688
0.129247
0.080937
0.033694
-0.104772
0.070809
-0.437420
-0.416188
-0.048996
-0.681224
0.060371
0.135870
0.039259
-0.431407
0.261850
-0.731143
0.356822
-0.864571
0.451016
0.276386
0.132296
-0.091297
0.025198
-0.468468
-0.053480
0.083245
0.204568
0.079909
-0.085852
0.023423
-0.012946
-0.068791
0.038495
-0.275426
-0.372198
0.207329
0.014213
-0.040888
-0.603469
-0.005511
-0.035637
0.308525
-0.073131
0.315910
-0.693305
0.076726
-0.654274
0.083952
0.312440
0.041762
0.464681
-0.540785
0.578450
-0.061069
-0.070040
-0.835214
-0.347319
-0.083565
-0.082418
-0.070380
-0.456551
0.067006
0.183692
-0.443010
-0.094992
-0.270910
-0.034130
0.386098
0.061709
-0.783011
-0.076229
-0.033199
0.539565
0.442891
-0.102883
0.056670
0.298268
-0.309410
-0.357900
0.135441
0.064610
0.263667
0.460348
-0.219044
-0.042056
-0.445435
0.532403
0.398043
0.158562
0.239467
-0.207930
-0.195416
0.042027
0.042137
0.549164
-0.966824
-0.610665
0.321725
-0.028761
0.017434
-0.033322
-0.769036
-0.074222
-0.746345
0.245653
0.210277
0.367225
0.069455
-0.034073
0.645072
0.508381
-0.906220
0.127067
-0.874675
0.115760
-0.554163
-0.648704
0.249871
0.037824
0.061837
-0.435615
0.041254
0.075037
-0.084790
0.443443
0.552853
-0.341896
0.045635
-0.241080
-0.508248
0.046901
-0.375225
0.183036
0.041819
0.401362
0.390280
0.078642
-0.014672
-0.233710
-0.397338
0.003336
-0.709600
-0.616676
0.301958
-0.801136
0.439992
-0.638772
-0.436333
-0.597909
0.281803
0.041889
-0.581658
-0.089483
0.215984
-0.456685
0.052458
0.349056
0.008138
-0.023170
0.034426
-0.056110
0.000786
-1.288890
0.145929
-0.000137
0.060708
0.285208
-0.070661
-0.031638
-0.345075
-0.006308
-0.001747
0.233550
0.023194
-0.401551
0.063093
0.237390
-0.360530
-0.128385
-0.222050
-0.846700
-0.944721
0.054270
0.380639
-0.281936
-0.083337
-0.081540
-0.350079
-0.748684
0.062595
-0.003731
0.325780
0.065444
-0.373918
-0.001381
-0.404918
-0.040407
-0.428695
-0.557434
0.031555
-0.023728
0.199858
0.401232
-0.093112
0.298569
0.036874
-0.317438
-0.100444
0.022882
0.541204
-0.375581
-0.717993
-0.079511
0.207370
0.436423
-0.546293
-0.000024
0.408322
-0.109662
0.578030
-0.731529
-0.076162
-0.778024
0.361231
-0.684083
0.558037
0.036821
0.056557
0.003485
0.053535
0.055492
-0.665750
0.257981
0.305496
-0.632777
0.050521
-0.071529
-0.459455
-0.053147
-0.235539
0.335721
-0.155057
-0.182296
0.383070
-0.257797
-0.749011
0.084032
-0.027346
-0.645305
0.508694
0.185978
0.192624
-0.652722
-0.349197
0.332592
-0.350111
0.383484
-0.763128
-0.068456
0.276742
-0.337762
0.078656
0.071709
-0.998321
-0.087622
-0.001427
0.040219
0.012982
-0.036226
-0.059227
0.089119
0.002994
-0.002241
0.059526
0.070505
-0.040572
0.105734
-0.044047
-0.000831
0.091245
-0.021762
0.038296
-0.029145
0.028092
-0.216211
-0.070627
-0.081828
0.053838
0.060720
0.057441
-0.760759
0.038359
-0.048693
0.072243
-0.100575
-0.003450
0.044794
-0.002115
-0.054856
-0.787964
0.015908
-0.038841
-0.002138
0.003196
0.060724
0.116289
0.038799
-0.764790
0.019073
-0.979177
0.010258
-0.001898
0.081888
-0.072394
0.044953
0.110314
0.059035
-0.033953
-0.042320
-0.016101
-0.055337
0.048782
-0.021551
0.026010
0.024415
0.018256
0.026390
-0.041919
0.003634
-0.910075
-0.154069
-0.024583
-0.201967
-0.601568
-0.595838
0.076067
-0.084634
-0.008877
-0.040596
-0.796700
0.048072
0.113747
-0.105048
-0.044906
-0.038770
-0.039120
-0.014886
-0.189439
-0.024703
0.071860
-0.124663
0.107632
-0.084944
-0.454957
0.007784
0.058639
0.023541
0.080142
-0.049282
-0.033095
0.101752
-0.003860
-0.006301
-0.059797
0.036191
-0.052904
-0.097318
-0.048488
0.125570
0.017231
-0.427288
-0.104206
-0.050921
0.001129
0.044958
0.002197
-0.351972
-0.664337
0.050437
0.058489
-0.098644
-0.152960
-0.897853
-0.775534
-0.234701
0.055429
0.081756
-0.018085
0.007441
-0.069341
-0.088016
-0.926325
0.057585
-0.094970
-0.046383
-0.042204
-0.003812
0.040163
0.050521
0.050709
-0.281398
0.098518
-0.047259
-0.100790
-0.012147
0.104087
0.051652
0.172233
-0.028579
0.043600
-0.070202
-0.028456
-0.103529
0.019998
0.060082
-0.006231
0.048154
0.101488
-0.643586
0.012764
0.060811
-0.060307
0.043366
0.026359
-0.026870
0.077209
0.046283
-1.173219
0.147714
0.064684
0.039466
-0.000216
-0.031638
0.132448
0.159591
-0.868215
0.087510
-1.547625
-0.007949
-0.030548
0.161345
-0.033951
0.068266
0.097682
0.017075
-0.080364
-0.059402
0.013203
0.058768
0.108668
0.048583
-0.140791
0.041113
0.139008
-0.042014
-0.021804
-0.002542
-0.886566
-0.214991
-0.094329
0.075022
-0.879469
-1.211937
0.061704
0.005332
0.158891
-0.127190
-0.782048
0.083920
-0.069548
-0.382587
-0.073465
0.053492
0.126009
-0.082724
-0.006753
0.076010
-0.084148
-0.069794
0.058860
-0.148655
-1.021805
0.039313
-0.050461
0.074512
-0.041381
-0.033121
-0.016358
0.141725
0.126775
-0.056021
-0.076579
0.004950
-0.089834
-0.065878
0.060072
0.146060
-0.059159
-0.405026
-0.096322
0.077969
0.033588
-0.070593
0.071863
-0.072012
-0.763634
0.116550
-0.100351
-0.122960
-0.245625
-0.714301
-0.713591
-0.447686
0.055928
-0.014118
0.090248
-0.077601
-0.026344
0.031243
-0.289539
-0.077670
0.102639
-0.360872
0.116261
0.074186
-0.027865
-0.171315
0.002559
0.099534
-0.110899
0.043688
0.029203
-0.015964
-0.245620
0.084140
0.019811
-0.052952
0.044712
-0.029123
-0.056487
-0.035791
-0.014653
-0.021077
-0.008365
-0.025837
0.137507
0.031409
-0.089571
-0.005007
-0.061390
0.031094
-0.053827
-0.050657
0.109483
0.049303
-0.091273
0.064131
0.044741
-0.313253
-0.003563
0.032942
0.037349
0.284025
-0.113070
-0.069339
-0.205710
-0.086698
0.103330
0.288326
0.033915
0.072727
0.238327
0.045957
-0.067834
-0.180385
0.082874
0.054953
-0.004587
0.046073
0.013213
-0.045369
0.264118
0.166734
0.043042
-0.156350
-0.005477
-0.704563
0.014359
-0.563022
-0.102051
0.012223
-0.063297
-0.089596
-0.337326
-0.252895
-0.165030
0.042354
-0.094532
-0.113153
-0.031497
-0.214619
-0.311480
0.113783
-0.441748
-0.014186
-0.035100
0.080956
0.083251
-0.121427
0.048281
0.083549
-0.015772
-0.017739
-0.072959
0.012131
-0.018271
-0.141092
0.198348
-0.033526
0.003483
-0.033641
-0.109170
-0.381161
-0.131555
0.131581
0.114333
-0.174344
-0.230416
0.091316
0.053938
-0.063009
0.061640
0.103467
0.304428
-0.039649
-0.063644
0.175542
-0.720945
-0.423712
-0.558548
-0.111705
-0.245693
0.065572
-0.077980
0.058252
-0.005195
0.053555
0.421895
-0.079618
0.011676
0.391355
-0.846637
0.002445
-0.430411
-0.648326
0.047461
-0.457770
-0.543807
-0.223107
0.351620
-0.597820
-0.716046
-0.036716
-0.143403
-0.077623
-0.523816
0.205096
-0.011328
0.213099
0.076681
0.062058
0.016691
-0.016361
-0.358595
-1.224983
0.236353
0.015201
0.030034
-0.350974
0.012192
-0.025364
-0.311333
-0.047218
0.284990
-0.486668
-0.057259
-0.514533
-0.072369
0.295907
0.298057
0.135462
0.309954
-0.561217
-0.792728
0.020026
-0.510565
0.219183
0.070882
-0.062612
0.431552
-0.339832
-0.042373
-0.618613
-0.408933
-0.058619
-0.233479
0.008615
-0.358732
0.013021
0.320193
0.344937
-0.068469
0.182179
0.399663
0.688216
-0.061171
0.071281
0.297152
0.296829
-0.321639
0.072627
-0.003093
0.042757
0.210336
-0.029361
-0.565751
0.002077
-0.815714
-0.098673
-0.249341
-0.379639
0.626399
0.398750
-0.002417
0.469531
-0.642225
0.468081
-0.007435
-0.044983
0.021544
-0.020291
-0.625418
-0.065902
0.341340
0.078867
-0.183643
0.264524
-0.070996
-0.035134
0.257662
0.195937
0.559719
0.329388
-0.080454
-0.224985
-0.386501
-0.039775
0.437617
-0.039392
0.022104
0.403838
-0.500277
-0.541222
-0.368692
0.376204
0.296261
0.107921
0.587547
0.175218
-0.147545
-0.054467
-0.360458
0.293168
-0.079747
-1.114246
-0.448790
-0.081074
0.599687
0.661772
0.032612
0.038357
0.237152
0.241020
0.224729
0.358038
-0.467516
-0.553869
0.502079
-0.750346
0.158275
0.037551
-0.681025
-0.057859
-0.344650
0.387510
-0.057188
0.820132
-0.040452
0.049569
0.012646
0.067400
-0.169681
0.011439
-0.631259
0.014262
-0.025975
0.191830
-0.092685
-0.031038
-0.406660
0.023138
0.018194
-0.486849
-0.075314
0.469034
0.024683
-1.314911
-0.657637
-1.251724
0.179126
-0.935621
0.674698
-0.027006
-0.643150
0.453669
0.034255
-0.001649
0.314729
-1.222117
0.000636
-0.258711
-0.367023
0.031151
-0.223473
-0.054477
-0.690571
0.031598
0.279166
0.175135
0.087175
0.913373
0.892867
0.930113
-0.009947
0.791013
0.247234
-0.228712
-0.458407
0.067890
0.257468
-0.231651
0.379267
0.065071
-0.269450
0.508173
-0.317822
0.252321
-0.485889
0.133822
0.849514
-0.008135
0.057834
0.040430
0.051830
0.861535
-0.498492
-0.003299
-0.004709
-0.013161
0.641432
0.039893
0.452559
-0.270823
-0.681890
0.109610
-0.031900
-0.052161
-0.939190
0.272613
0.513728
0.633905
0.315409
0.236868
0.664030
0.279788
0.192711
0.017466
-0.040518
0.617505
0.781755
-0.292281
0.264013
0.461948
1.114644
0.826781
1.065645
0.823473
0.380011
-0.003523
-0.225144
0.144538
-0.010607
0.048236
1.284329
-0.001818
-0.118899
-0.269396
-0.009401
-0.080715
0.113305
0.158442
-0.090508
0.116962
-0.205266
0.059643
-0.205885
0.115807
-0.026873
-0.080882
-0.089214
0.002031
-0.035001
-0.016645
-0.050233
-0.434590
0.039309
-0.035775
0.076579
0.044043
-0.071944
0.630090
-0.229765
0.047654
0.015458
-0.127499
0.026977
-0.025502
0.152551
0.007887
0.342003
-0.114100
0.023597
0.499776
-0.053526
-0.203364
-0.020548
-0.226108
0.086593
0.041430
0.967356
-0.021228
-0.015634
-0.085405
0.045367
-0.013336
-0.318399
0.305109
-0.061028
-0.048870
0.101079
-0.072257
0.064711
0.038462
0.127745
-0.010775
-0.149563
-0.101042
-0.040740
-0.121684
0.856527
-0.146001
0.013480
-0.213718
0.526124
0.407436
0.116411
-0.064357
0.828832
0.230069
0.569422
-0.038745
0.000714
-0.210645
0.206689
-0.228854
-0.187232
0.130360
-0.419973
-0.144113
0.074642
0.260338
-0.118146
-0.054910
0.560203
-0.032691
0.019030
-0.035486
0.228623
-0.091992
0.028964
-0.302601
-0.055414
-0.086811
-0.000939
0.081514
0.129923
0.825177
-0.216315
-0.446647
0.150842
0.646445
0.050715
-0.436367
-0.064351
-0.068518
0.072931
-0.272337
0.614309
-0.105838
0.061403
0.083430
-0.129295
0.089886
0.238507
0.101332
0.226671
0.074376
-0.005711
-0.315429
-0.026143
0.038640
-1.018557
0.058754
-0.093858
0.036888
0.030520
-0.049878
0.068220
0.023792
-0.045950
0.090959
0.041038
0.051333
-0.050478
0.109740
-0.012271
0.024835
0.086386
0.078917
0.081384
0.144309
0.026074
-0.350281
0.017052
0.003525
-0.053001
0.086849
0.012257
-0.921847
-0.017148
-0.025589
0.019325
-0.052277
0.004790
0.052727
-0.006941
0.068558
-0.679395
0.076240
0.017434
0.053867
0.000273
-0.114856
0.020522
-0.092452
-0.611203
-0.016213
-1.021628
-0.039871
0.020714
0.017460
0.080262
0.070422
0.037732
0.093501
-0.028502
-0.012045
0.006836
0.005230
0.122078
-0.073289
0.077399
0.072501
0.004954
0.106797
-0.085255
0.051698
-0.734301
-0.068899
-0.043862
-0.265288
-0.825366
-0.968970
-0.003254
-0.031002
-0.127842
-0.003568
-0.832946
0.020040
0.115270
-0.037824
-0.000019
0.046157
-0.034706
-0.048656
-0.347124
0.107397
-0.042670
-0.128297
0.068912
0.092437
-0.721681
0.017691
0.008592
0.076345
0.032245
-0.080075
0.044102
-0.005343
-0.116474
0.084184
0.068907
-0.040920
0.051562
-0.118977
-0.014327
0.051607
-0.029213
-0.295297
-0.062134
-0.131500
-0.083254
-0.077812
-0.070939
-0.266795
-0.623593
-0.017159
0.013201
-0.119626
-0.126101
-1.105539
-0.516883
-0.247437
0.028765
-0.061567
0.064562
0.000809
-0.084684
0.095471
-0.534451
0.035330
-0.031014
-0.166963
0.056230
0.049303
-0.091886
0.010504
-0.085984
-0.012548
0.042580
-0.053547
-0.008464
0.067242
-0.058236
-0.056886
0.011274
0.057708
0.046895
-0.053242
0.031282
-0.190730
0.076021
0.054580
-0.010360
-0.069121
-0.013540
-0.129623
0.052259
0.002253
-0.000285
0.041932
0.072310
-0.079330
-0.025951
-0.070313
0.088213
0.072483
-0.046863
-0.069620
-0.072319
-0.045723
0.033045
0.056145
-0.188617
0.076380
-0.110955
-0.009839
0.022870
-0.022143
0.042918
0.075779
-0.100554
-0.046723
-0.015545
0.064610
0.081751
-0.033799
0.000874
0.031110
-0.013489
-0.085850
0.000519
-0.013829
-0.007370
-0.078557
-0.192522
-0.095426
0.036704
-0.263521
-0.375257
-0.024193
0.110486
-0.007719
-0.171943
0.063594
-0.410169
0.085620
0.050904
-0.034367
0.068384
-0.002031
0.071776
-0.028035
-0.178030
-0.051427
-0.020866
-0.065739
0.019439
-0.081243
-0.180170
0.057305
0.057326
0.015272
0.038965
-0.044837
-0.014670
0.006320
-0.097087
-0.037533
-0.034023
-0.068261
0.062342
-0.103955
-0.145984
0.080208
0.024253
-0.173260
-0.151431
-0.087344
-0.011565
-0.065366
-0.019169
-0.327336
-0.146813
-0.003783
0.047797
0.006634
-0.222984
-0.017236
-0.255076
-0.327479
-0.024431
0.060234
0.043516
-0.110334
-0.059546
0.121163
-0.777270
0.034758
-0.028200
-0.027236
0.002394
0.074200
-0.031813
0.090638
-0.003561
0.017957
0.068367
0.068343
0.014526
0.000997
0.109566
-0.033687
0.164402
0.047887
-0.071160
-0.004582
-0.007795
-0.227163
0.005934
0.073416
-0.009305
0.072462
0.031228
-0.627309
0.085915
0.020478
0.005746
-0.136323
0.001951
0.037514
0.044151
-0.076341
-0.827454
-0.011766
-0.047019
-0.008509
0.087683
-0.025782
0.147228
-0.038382
-0.592766
0.058470
-1.087729
-0.028370
0.064425
-0.055370
0.048923
-0.064821
0.040792
-0.004164
-0.017187
0.082519
0.010972
-0.097723
0.027932
-0.096543
0.066112
-0.087120
-0.001734
-0.058054
0.029444
0.055629
-0.805857
-0.057452
-0.021830
-0.078675
-0.805666
-1.233139
0.064478
0.047587
-0.233047
-0.042393
-1.089124
-0.065414
0.080020
-0.054761
0.118774
0.055234
0.058449
-0.073649
0.031537
0.069512
-0.019455
-0.176567
0.081300
-0.029974
-0.705067
-0.015426
0.068899
-0.085218
0.011319
0.025445
-0.089796
0.002933
-0.076802
0.042133
-0.002661
-0.033845
0.133198
-0.058467
-0.100147
-0.070590
-0.056122
-0.133837
-0.046385
-0.035425
-0.019146
0.005629
-0.067325
-0.073820
-0.716401
0.039553
-0.074643
-0.137268
-0.141565
-0.677480
-0.554384
-0.433600
0.132205
-0.001200
0.004168
-0.082976
-0.047544
0.079467
0.237200
0.007247
-0.120579
-0.051029
0.135485
0.036082
0.039860
-0.035053
-0.221389
-0.070461
-0.162818
0.045710
-0.108105
0.062261
-0.036372
-0.008094
-0.167237
0.033429
-0.105160
0.135603
-0.076941
-0.492017
0.014557
-0.064114
0.026981
-0.033303
-0.007762
0.823767
0.007885
0.027313
0.085868
-0.326207
-0.026653
0.083931
0.065251
-0.000201
0.842843
-0.180753
0.036181
-0.016710
0.065063
-0.063558
-0.162388
-0.173286
0.343667
-0.089491
0.711284
0.024834
0.009286
-0.035304
0.047862
-0.008835
-0.137475
0.074013
0.010876
-0.027373
0.107187
0.053445
0.143955
-0.020175
0.068816
-0.029026
-0.091615
-0.041011
0.023502
-0.294765
0.581718
-0.137413
-0.013827
-0.092884
0.461299
0.700278
0.115990
-0.048743
-0.318833
0.161189
0.566779
0.042033
0.082445
-0.194030
-0.015564
-0.210158
0.032925
-0.042853
-0.318729
-0.243392
-0.020687
0.009567
-0.008132
-0.187769
0.688752
0.069337
-0.081605
-0.061181
0.130854
0.086064
-0.061365
-0.045969
0.063522
-0.128862
0.025087
-0.011638
-0.059913
-0.181868
-0.129014
-0.097063
0.115010
0.379016
-0.226727
-0.260146
-0.001273
0.006947
-0.022515
-0.001946
0.617302
-0.055834
-0.006140
0.190668
-0.374008
0.456248
0.503313
0.214071
0.073032
-0.000803
-0.039867
-0.125085
-0.002380
0.366597
1.080554
0.050198
0.020036
0.174780
-0.001810
-0.068292
-0.152596
0.162444
-0.335191
0.005231
-0.068281
-0.075962
-0.555706
0.020195
0.098213
0.059712
-0.068392
0.048355
0.003310
-0.341655
0.018469
0.930329
-0.003803
-0.000602
0.004849
0.082541
-0.241072
1.046708
0.184638
0.058188
0.087216
0.267901
-0.091868
0.075200
0.108030
0.083146
0.860706
-0.155584
0.014537
0.323309
-0.001373
-0.184608
0.032561
-0.424094
1.138864
0.187203
0.838815
0.020489
-0.029652
-0.424610
0.065194
-0.051599
-0.112809
-0.036793
-0.052102
-0.003245
0.119357
-0.010382
-0.036771
-0.000254
0.138289
0.057096
-0.353151
-0.196934
0.080595
-0.510971
0.892484
-0.005990
-0.016573
-0.437036
0.506333
0.475402
-0.033465
-0.069156
-0.821173
0.511518
0.425616
-0.086203
-0.059370
-0.533926
0.097599
0.334129
0.186276
0.176043
-0.069729
-0.423110
0.005143
-0.028069
0.017691
0.166704
0.884530
-0.004216
-0.066339
-0.027094
-0.033168
0.071390
-0.127478
-0.325893
-0.030802
-0.306594
0.087271
0.051510
0.094691
-0.405249
-0.661402
-0.672930
0.173009
0.468027
0.434995
-0.416167
0.179257
-0.042562
-0.045504
-0.161407
0.514893
0.013894
0.119714
-0.054460
0.716800
0.838506
0.939295
0.652025
0.133973
-0.038040
0.059542
-0.308922
0.053088
0.160342
-0.993168
-0.089366
-0.003450
-0.051649
0.037163
-0.003762
-0.093305
0.094387
0.039759
0.094705
0.027893
-0.031959
0.037961
0.090097
-0.013832
0.027932
0.106836
0.020915
-0.003279
0.110307
-0.034235
-0.263238
-0.064116
-0.082182
-0.059702
0.028337
0.067516
-1.442161
0.117655
0.030308
0.070409
-0.012527
0.072245
0.079944
0.067863
0.058689
-0.996303
0.123393
-0.021623
0.011013
-0.016117
-0.027698
0.104052
0.007096
-0.766910
-0.030691
-1.122132
-0.066364
0.027572
0.030755
-0.077392
0.060159
0.079321
-0.045138
-0.003310
-0.032067
0.022891
-0.049333
-0.048745
-0.041415
0.098138
0.025308
-0.071817
-0.056719
0.010742
-0.041181
-0.943825
0.060889
0.040163
-0.279686
-1.039987
-1.241340
0.137158
0.036952
-0.084506
-0.068247
-1.142604
-0.071645
0.132788
-0.099251
0.087992
-0.015411
0.079808
-0.008280
0.043641
0.128137
0.031387
-0.028575
0.042909
0.081108
-0.823597
-0.056891
-0.040411
0.061631
-0.064997
-0.076686
-0.067639
-0.003924
-0.027724
0.057357
0.028123
-0.069367
0.109984
-0.099581
-0.111583
-0.018049
-0.046618
-0.430607
-0.012705
-0.069326
-0.070060
-0.075960
0.074379
-0.210570
-0.871558
0.084996
-0.011162
-0.062921
-0.064435
-1.183667
-0.592425
-0.339677
0.178967
0.024752
0.098965
-0.087995
-0.009269
0.064582
-0.838349
0.023639
-0.088119
0.097171
0.048945
-0.073171
-0.051726
0.023330
-0.017561
0.068834
-0.046615
0.085271
0.064642
0.083250
0.035141
-0.023955
0.102318
-0.062922
-0.069963
0.007802
-0.048547
-0.369702
0.058356
0.036082
-0.037561
0.027733
0.055368
-0.889652
0.145978
0.001155
-0.007422
-0.131932
0.007066
-0.013225
0.051184
0.031306
-0.524100
0.057376
0.036879
-0.070291
-0.004092
0.059339
0.192802
0.033123
-0.613709
-0.000936
-1.014197
-0.052174
0.020704
0.048098
0.019080
0.000125
0.058227
-0.011759
-0.020589
0.035697
-0.044750
-0.034586
0.097014
-0.090377
0.062960
-0.079655
0.006411
0.007901
-0.045023
0.098452
-1.003540
-0.013591
-0.091916
-0.174158
-0.602529
-0.866447
0.130708
-0.029998
-0.108863
0.007268
-0.974867
0.073576
0.063640
0.037571
0.127334
-0.069163
0.063881
0.019744
-0.009146
0.058680
0.004195
-0.065687
0.097518
0.024562
-0.620830
-0.052238
-0.016879
-0.027114
0.061996
-0.085109
-0.002916
0.002197
-0.109037
-0.004887
-0.032948
-0.012769
0.267955
-0.101661
-0.116610
0.013185
-0.016425
-0.305838
-0.193462
-0.030160
-0.027898
-0.027857
0.008360
-0.128364
-0.781455
-0.019229
-0.028734
-0.060779
0.050397
-0.767307
-0.687603
-0.413943
0.064522
-0.014926
0.096862
-0.113571
0.012082
0.204887
-0.826547
-0.026416
-0.111738
-0.093729
0.049666
0.054774
0.010354
0.081305
-0.083575
0.011670
0.022911
-0.041903
-0.064768
0.122138
0.066896
0.072724
0.108764
-0.088592
0.007200
0.012543
-0.010186
-0.243469
-0.038457
-0.070973
0.006412
-0.023470
0.030954
-0.500825
0.048558
0.027838
-0.085142
-0.058455
0.011681
0.006282
-0.012088
0.069068
-0.110483
-0.018687
0.080672
-0.008462
0.067762
0.034928
0.043924
0.021244
0.099738
-0.007607
-0.308725
-0.002296
-0.040650
-0.086405
0.043095
-0.036413
0.133416
-0.016043
-0.049294
-0.032094
0.045966
-0.083722
0.121090
0.060426
0.017608
0.082566
-0.000761
0.053915
0.086922
-0.066638
-0.727967
0.034761
-0.087706
-0.106328
-0.386960
-0.226977
0.066422
-0.013300
-0.296534
0.172973
-0.481239
0.004545
0.112848
-0.069552
0.064788
-0.019125
-0.051837
0.084855
-0.323527
-0.023416
0.045738
-0.089755
0.040713
-0.063985
-0.163039
0.073331
0.056497
-0.057783
-0.041043
0.050947
-0.098156
-0.024127
-0.090040
0.081255
-0.062164
-0.078815
0.018480
-0.104001
-0.189423
-0.128491
-0.029111
0.002727
-0.093029
-0.244507
0.005478
0.082926
0.076796
-0.404070
-0.317687
0.063301
-0.120618
-0.108193
-0.019725
-0.702161
-0.284224
-0.234583
0.074651
0.023069
0.121745
-0.067287
-0.071572
-0.781058
-0.466362
0.056951
-0.187282
0.620800
0.034920
0.003281
0.134615
0.073279
-0.001967
-0.741607
0.311712
0.122295
0.327265
0.428588
-0.199558
0.057989
0.227335
-0.012638
0.217752
-0.474278
-0.054046
-1.479993
-0.034113
0.012993
-0.035115
-0.025053
0.152660
-0.453057
-0.057775
-0.086303
-0.061282
0.064183
-0.007077
-0.029841
-0.061127
0.055760
-1.171434
-0.193903
-0.009961
0.544674
-0.058064
0.536498
-0.358036
0.315405
-0.352043
0.091919
-0.867351
-0.067246
0.110929
-0.237957
0.084348
-0.049741
-0.621729
-0.016828
0.021537
0.087609
-0.012461
-0.081879
0.138114
0.067972
0.094144
0.079877
0.055330
0.256394
0.043290
-0.728465
-1.033431
-0.894702
0.007601
1.332810
-0.673995
-0.751111
-0.110364
-0.033659
0.893150
-0.910299
0.832424
-0.034371
-0.133957
-1.145322
-0.201458
-0.035808
0.672328
-0.049154
-0.819746
-0.374631
0.005783
-0.039100
-0.484277
-1.192042
-0.356663
0.074555
0.005853
-0.084236
-0.314035
-0.085115
-0.276489
0.307970
0.409176
-0.143568
-0.061424
-0.049055
-0.860051
-0.581168
0.486117
-0.561528
0.094101
0.386047
0.410704
0.381389
0.094074
-0.064769
0.053509
1.042925
-0.463779
0.194422
-0.587095
-1.071411
0.773518
-1.122001
-0.723904
-0.354453
-0.340698
0.064097
-0.203998
0.628661
-0.046876
-0.575662
0.023202
-0.044612
0.256766
-0.643670
-0.124121
0.016199
0.235924
-0.326030
0.019397
0.443245
-0.678125
0.373505
0.146384
-0.063559
-0.430673
0.050449
0.011389
-0.012280
-0.359733
-0.105233
-0.058972
-0.061441
-0.062092
-0.010912
0.041104
0.023722
0.084413
0.570304
-0.272449
-0.076228
0.042915
0.083429
-0.059297
-0.055128
-0.255472
0.042775
0.524319
0.164938
0.074251
0.074921
0.043160
-0.214142
0.078556
-0.052684
0.590843
-0.109754
0.622943
0.069948
0.126573
0.154026
0.082989
0.058490
-0.268797
0.148911
-0.036290
0.085408
-0.347293
-0.046544
-0.240105
-0.046012
-0.252237
0.047716
0.121980
-0.030958
-0.028027
0.062178
0.406118
-0.434414
-0.024742
0.045087
0.510034
0.716439
-0.283964
0.044759
-0.667098
-0.237437
0.629713
-0.045057
-0.197407
0.593887
0.163434
-0.254073
-0.666049
-0.024659
0.040073
0.109772
-0.014909
-0.050652
0.050387
-0.416388
0.743293
0.038685
-0.069883
0.036013
0.014936
0.010416
-0.149968
-0.370725
-0.130066
-0.042612
0.023075
-0.080783
0.180921
-0.570310
0.148495
-0.006338
-0.069308
0.603458
-0.471120
0.351505
-0.388879
0.000875
0.029749
0.408937
0.964508
-0.282047
0.322559
0.582003
-0.832639
0.556356
0.292493
0.354535
-0.271958
0.044850
-0.540612
0.119346
-0.046780
0.192309
-1.062370
-0.004171
-0.030612
-0.102782
0.043334
0.002372
0.015119
-0.028296
-0.014777
0.002698
0.076212
-0.009508
-0.026055
0.065787
0.011858
0.035147
0.167787
-0.047018
0.040627
0.037467
-0.081364
-0.170223
0.013885
-0.071682
-0.044970
-0.062313
0.057271
-0.899229
0.028033
0.018699
-0.040220
-0.092769
-0.012635
-0.068541
0.016270
-0.013828
-1.186789
0.129355
-0.039005
-0.051172
-0.083200
-0.076668
0.048375
-0.021815
-0.718339
0.053108
-1.120413
0.011200
0.010237
-0.004716
0.079039
-0.036726
-0.001398
0.039719
0.024695
0.071594
0.029021
-0.020114
0.089408
-0.102685
0.075395
0.013123
-0.055812
0.008938
-0.058352
0.020839
-0.979407
-0.050798
-0.071955
-0.257547
-0.612085
-1.061828
0.068303
-0.064546
-0.194711
-0.038514
-1.172722
-0.037709
0.057694
-0.007266
0.107171
0.059932
0.086031
0.045328
0.008326
0.108231
-0.087901
-0.056845
0.005679
0.107647
-1.132748
-0.042808
-0.070687
-0.074697
0.022368
-0.042425
0.036119
0.028533
-0.006813
0.079081
-0.045771
-0.002658
0.071087
0.034801
-0.146255
-0.100601
-0.009159
-0.309827
-0.142918
-0.025247
-0.100256
-0.014287
0.011584
-0.143966
-0.861661
0.000942
-0.082062
-0.131283
-0.279743
-0.681195
-0.630092
-0.472927
-0.004985
0.065744
0.056493
-0.062270
0.000317
-0.069974
-0.663912
-0.049325
0.121487
-0.119265
0.121403
0.052510
0.165911
-0.047928
-0.123622
-0.000924
0.036527
-0.025413
0.028639
0.154076
0.056654
0.039862
-0.019870
-0.058228
-0.129188
0.218098
0.051204
-0.343933
0.022928
0.017793
0.066870
-0.066576
0.003798
-0.561112
0.045409
-0.073013
-0.073339
-0.308313
0.017581
0.030497
0.018250
0.087344
-0.060764
0.028037
-0.045852
-0.088856
-0.010836
-0.035803
0.045517
-0.034924
-0.559550
-0.063211
-1.033956
0.087893
-0.036790
0.194278
0.058612
-0.038629
0.453659
0.100432
0.054090
0.090086
-0.083108
-0.061518
0.050019
-0.018857
-0.152279
0.047827
0.236776
-0.000097
-0.015089
-0.418716
-0.399527
0.153482
-0.003120
-0.146233
-0.532082
-0.451899
-0.031308
-0.070299
-0.405524
0.290750
-0.613133
-0.032967
0.094958
0.162115
-0.122771
-0.240293
-0.312923
0.094186
0.016811
0.144443
-0.040835
0.188711
0.061544
0.126307
-0.265113
0.000285
-0.056475
0.079786
0.067830
-0.010467
0.121524
-0.035399
0.014672
0.008622
-0.051081
0.036561
-0.130171
-0.249374
-0.038842
-0.149667
0.154947
-0.090588
-0.285776
-0.128147
-0.053793
-0.025751
-0.040996
-0.120645
-0.551371
0.005763
-0.099046
0.079282
-0.551777
-0.467687
-0.449396
-0.258850
0.000607
-0.069313
0.050770
0.041585
-0.058402
-0.213668
-2.040516
-0.017054
0.313597
-0.351314
0.037481
0.049412
0.020814
-0.108379
0.262512
0.039141
-0.037829
-0.114242
-0.132440
-0.044288
0.071823
0.029611
0.168315
-0.013079
0.339976
-0.150619
-0.041724
0.719258
0.074615
0.063198
0.003765
-0.060603
0.087440
-2.091653
-0.444098
0.070128
0.054028
0.457951
-0.085864
-0.023006
0.079160
0.029407
-2.213264
0.154079
-0.071126
-0.041259
0.026553
-0.257433
-0.305791
-0.112422
-0.750378
0.302862
-2.321425
-0.017786
0.223157
0.178535
-0.004208
-0.032862
-0.478429
0.366386
-0.024710
0.228313
0.199356
-0.026965
0.150437
0.020558
0.176909
-0.023559
0.115412
-0.240291
-0.043626
-0.942512
-1.746721
0.116143
-0.012454
-0.750688
-1.864523
-1.957020
0.041203
0.005019
-0.541394
-0.690169
-2.189466
0.031674
-0.084922
0.135719
0.149779
0.422275
-0.711444
0.020821
-0.399851
-0.209429
-0.007968
-0.185812
-0.059869
-0.507332
-0.418944
0.066017
-0.067681
0.029038
0.028065
-0.089155
0.339587
-0.181390
-0.061516
0.038599
0.028484
-0.049891
-1.124762
0.350806
0.124056
-0.081399
0.093864
0.095749
0.174029
0.105451
-0.016075
0.060233
0.021230
-0.727059
-0.127834
0.201329
0.417233
-0.054144
-1.258686
-2.199759
-1.706632
0.655648
-0.168620
0.021642
0.016137
-0.002799
0.068211
-0.111930
0.032717
-0.000987
0.010718
-0.047802
-0.017060
0.003870
0.014528
0.001531
0.021948
0.015951
0.046992
0.031572
-0.040278
-0.058434
0.065676
0.118560
0.003068
-0.006883
-0.030106
0.054678
